0.85292
0.84621
0.839701
0.83325
0.826868
0.820476
0.814286
0.808194
0.802065
0.796136
0.790226
0.784443
0.77858
0.772741
0.766947
0.761339
0.755662
0.750168
0.744659
0.739213
0.733952
0.728748
0.723446
0.718221
0.713045
0.707909
0.702889
0.698066
0.693188
0.688263
0.68355
0.678841
0.674123
0.669495
0.664993
0.660653
0.656111
0.651601
0.647117
0.643224
0.639069
0.635103
0.631392
0.628643
0.624798
0.620711
0.616578
0.612488
0.608576
0.604536
0.601325
0.598466
0.594544
0.590652
0.586905
0.583316
0.579691
0.576063
0.572961
0.569629
0.56643
0.562947
0.559695
0.556667
0.553137
0.550255
0.547435
0.544514
0.54146
0.539366
0.536918
0.533661
0.53061
0.527801
0.524841
0.521865
0.519354
0.516629
0.513838
0.511146
0.50849
0.505827
0.502989
0.500423
0.497976
0.49546
0.493088
0.490545
0.488029
0.485457
0.483117
0.480407
0.477657
0.475363
0.473119
0.470303
0.468017
0.465751
0.464095
0.463418
0.461114
0.458967
0.456618
0.454246
0.452066
0.449382
0.44703
0.444714
0.442655
0.440017
0.437403
0.434985
0.432482
0.430005
0.427638
0.425248
0.422887
0.420619
0.418456
0.416171
0.413914
0.411919
0.409813
0.407622
0.405273
0.403179
0.401278
0.399237
0.397927
0.395889
0.393756
0.391694
0.389601
0.387404
0.385358
0.384164
0.382719
0.380897
0.379164
0.377326
0.375454
0.373593
0.371617
0.369659
0.367843
0.366017
0.364033
0.362238
0.360334
0.358431
0.356706
0.354956
0.35318
0.351465
0.349766
0.348013
0.346202
0.344545
0.342904
0.34108
0.339311
0.337938
0.336695
0.3354
0.33416
0.332843
0.331134
0.329661
0.328664
0.327843
0.327019
0.325455
0.323714
0.322334
0.320798
0.319313
0.3183
0.317233
0.316023
0.315094
0.314176
0.312602
0.31133
0.30994
0.308658
0.307198
0.306058
0.305205
0.304105
0.303797
0.302665
0.301376
0.300086
0.298633
0.297103
0.295684
0.294441
0.292996
0.291854
0.290663
0.289392
0.288201
0.28675
0.285396
0.284336
0.283245
0.281853
0.280566
0.279548
0.27852
0.27708
0.275709
0.274491
0.273264
0.272041
0.271105
0.269785
0.268706
0.267422
0.266232
0.265136
0.264273
0.263288
0.262299
0.261354
0.260286
0.25919
0.257903
0.256995
0.256049
0.254894
0.253882
0.252745
0.251657
0.250719
0.249873
0.249047
0.248092
0.246909
0.245753
0.244803
0.243717
0.242571
0.241588
0.240646
0.23963
0.238635
0.23769
0.236691
0.235638
0.23471
0.233748
0.232616
0.231675
0.230608
0.229546
0.228431
0.227313
0.226308
0.225377
0.22447
0.223507
0.22256
0.221645
0.220628
0.219748
0.218857
0.218118
0.217162
0.216423
0.215427
0.214631
0.213927
0.212967
0.212156
0.211428
0.210711
0.209759
0.208859
0.207952
0.207015
0.206103
0.205313
0.204526
0.203704
0.202768
0.201805
0.200903
0.200015
0.199139
0.198293
0.197446
0.196617
0.195744
0.194831
0.193928
0.193062
0.192167
0.191273
0.190369
0.189471
0.18858
0.187716
0.186897
0.186219
0.18622
0.185423
0.184691
0.183874
0.183057
0.182348
0.181592
0.180798
0.18001
0.17931
0.178581
0.177874
0.177232
0.176435
0.175655
0.174848
0.174047
0.173276
0.172486
0.171694
0.170909
0.170144
0.169368
0.168591
0.167817
0.167039
0.166292
0.165544
0.164786
0.164041
0.163325
0.162601
0.161888
0.161199
0.160499
0.159802
0.159081
0.158372
0.157691
0.157006
0.156293
0.155656
0.155007
0.154312
0.153725
0.153104
0.152505
0.15189
0.151246
0.150593
0.150033
0.149397
0.14874
0.148116
0.147499
0.146884
0.146273
0.145734
0.145156
0.144536
0.143893
0.143254
0.14261
0.141969
0.141331
0.140697
0.140194
0.140082
0.140069
0.139442
0.138825
0.138229
0.137717
0.137245
0.136764
0.136301
0.135765
0.135349
0.134912
0.134411
0.133922
0.133415
0.132865
0.132277
0.131719
0.131133
0.130564
0.130034
0.129524
0.128959
0.128433
0.127906
0.127338
0.126912
0.126465
0.125935
0.125415
0.124996
0.124618
0.12424
0.123823
0.123486
0.123098
0.122634
0.122179
0.121724
0.121302
0.120823
0.120375
0.119895
0.119423
0.118997
0.118506
0.118017
0.117552
0.117093
0.116624
0.116161
0.115686
0.115221
0.114713
0.114254
0.113799
0.113334
0.112875
0.11243
0.111982
0.111591
0.111182
0.110751
0.110312
0.10989
0.109469
0.109087
0.108671
0.10825
0.107829
0.107406
0.10698
0.10656
0.106128
0.105708
0.105315
0.104858
0.104446
0.103998
0.103584
0.103194
0.102837
0.102474
0.102084
0.101711
0.101326
0.10089
0.100493
0.100083
0.0997171
0.0993196
0.0989203
0.0985634
0.0981649
0.0977411
0.0973227
0.0969137
0.0965319
0.0961591
0.0958039
0.095413
0.0950386
0.0946812
0.0943248
0.0939853
0.0936215
0.0932342
0.0928742
0.0925431
0.0921972
0.0918846
0.0915641
0.0911914
0.0908445
0.0905071
0.0902191
0.0898984
0.0895706
0.089205
0.0888509
0.0884953
0.0882195
0.0879348
0.087583
0.0872961
0.0869963
0.0867132
0.0863922
0.0860628
0.0857487
0.0854357
0.0851334
0.0848319
0.0845378
0.0842164
0.0839376
0.0836605
0.0833753
0.0830966
0.0827937
0.0824914
0.0822527
0.0820739
0.0818178
0.0815507
0.0812785
0.0809525
0.0806937
0.080467
0.0802094
0.0799503
0.0796965
0.0794056
0.0791305
0.0788714
0.0786023
0.0783443
0.0780667
0.0777688
0.077516
0.0772457
0.0770196
0.0767873
0.076542
0.0763099
0.0760109
0.0757722
0.0755621
0.0752959
0.075054
0.0747703
0.0745146
0.0742918
0.0740452
0.0737853
0.0735097
0.0732351
0.073017
0.0727544
0.0725031
0.0722504
0.0720092
0.0717818
0.0715444
0.0713183
0.0710607
0.0708322
0.0705814
0.0702949
0.0700137
0.0697503
0.0695196
0.0692931
0.0691045
0.0688323
0.0686095
0.0683562
0.0680896
0.0677992
0.0675549
0.067496
0.0675128
0.0672363
0.0669936
0.0667171
0.0664783
0.0664268
0.0664365
0.0661861
0.0659392
0.0657593
0.0655364
0.0653496
0.0651293
0.064861
0.0646134
0.0643421
0.0640932
0.0639128
0.0637425
0.0636036
0.0633634
0.0631883
0.0630299
0.0627669
0.0625614
0.0622997
0.0620455
0.0617901
0.06156
0.0616371
0.0614526
0.061247
0.0610263
0.0607917
0.060984
0.0607223
0.060502
0.0602738
0.0600479
0.0598547
0.0604873
0.0602409
0.0599982
0.0597529
0.0595159
0.0593884
0.0592184
0.0590667
0.0589148
0.0587883
0.0586153
0.0584464
0.05823
0.0580348
0.0578497
0.0576744
0.0574826
0.0572899
0.0571098
0.0569232
0.0567535
0.0565805
0.0563874
0.0562101
0.0560146
0.0558323
0.0556361
0.0554507
0.0552649
0.0550754
0.0548808
0.0546954
0.054522
0.0543431
0.0541511
0.0539546
0.0537535
0.0535568
0.0533865
0.0532181
0.0529846
0.0527523
0.0525432
0.0526056
0.0524505
0.0522582
0.0520726
0.0518956
0.0517403
0.0515291
0.0513121
0.0510981
0.0509068
0.0507558
0.0506111
0.0504503
0.050276
0.0500888
0.0499104
0.0497372
0.0495204
0.0493282
0.0491414
0.0489972
0.048891
0.0487856
0.0486331
0.0484798
0.048345
0.0482005
0.0480488
0.0478925
0.0477298
0.0475657
0.0474096
0.0472591
0.0470956
0.0469361
0.0467723
0.046615
0.0464567
0.0463075
0.0461454
0.0459909
0.0458346
0.0456774
0.0454897
0.0453353
0.0451601
0.0450029
0.0448494
0.0447023
0.0445352
0.0443815
0.0442259
0.0440323
0.0438679
0.0437023
0.0435263
0.0433596
0.0432001
0.0430399
0.0428806
0.0427027
0.0425662
0.0424361
0.0422831
0.0421253
0.0419653
0.0417899
0.0416157
0.041455
0.0412988
0.0411484
0.0409919
0.0408392
0.0406809
0.0405304
0.040387
0.0402213
0.0400878
0.0399533
0.0398124
0.0396485
0.0395025
0.0393432
0.039193
0.0390535
0.0389033
0.0387568
0.0386103
0.0384696
0.0383302
0.0381704
0.0380298
0.0378915
0.0377446
0.0376446
0.0375238
0.0373996
0.0372528
0.0371105
0.0369742
0.0368279
0.036694
0.0365626
0.0364345
0.0362986
0.036171
0.0360417
0.0359257
0.0358074
0.0356659
0.0355141
0.035364
0.0352295
0.0350983
0.0349647
0.0348214
0.0346752
0.0345317
0.034387
0.0342429
0.0340995
0.0339586
0.0338193
0.0336861
0.0335519
0.03342
0.0332901
0.0331608
0.0330213
0.0328933
0.0327553
0.0326209
0.0324858
0.0323527
0.0322533
0.0321316
0.0320071
0.0318889
0.031771
0.0316458
0.031524
0.0314026
0.0312797
0.0311576
0.0310361
0.0309169
0.030793
0.0306764
0.0305599
0.0304412
0.0303224
0.0302017
0.0300823
0.0299622
0.0298397
0.0297307
0.0297237
0.0296016
0.0294833
0.0293646
0.0292538
0.0291425
0.0290355
0.0289293
0.0288265
0.0287245
0.0286268
0.0285396
0.0284465
0.028345
0.0282327
0.0281217
0.0280098
0.0278982
0.0277893
0.0276855
0.0275869
0.0274834
0.0273812
0.0272772
0.0271659
0.0270624
0.0269517
0.0268689
0.0268494
0.0267476
0.0266449
0.0265449
0.0264472
0.0263503
0.026249
0.0261513
0.0260556
0.0259493
0.0258453
0.0257521
0.0256596
0.0255668
0.0254703
0.0253865
0.0252992
0.0252118
0.0251398
0.025054
0.0249622
0.0248867
0.0248072
0.024732
0.0246537
0.0245706
0.024489
0.024407
0.0243289
0.0242493
0.0241684
0.0240911
0.0240076
0.0239326
0.0238379
0.0237556
0.0236714
0.0235856
0.0235024
0.0234158
0.0233372
0.0232568
0.0231727
0.0230891
0.0230103
0.0229278
0.0228453
0.0227641
0.0226746
0.0225898
0.0225119
0.0224208
0.0223303
0.0222468
0.022171
0.0220854
0.0220021
0.0219252
0.0218522
0.0217782
0.0217024
0.0216282
0.0215549
0.0214827
0.0214096
0.021334
0.0212496
0.0211728
0.0211075
0.0210386
0.020967
0.0208991
0.020825
0.0207511
0.0206746
0.020604
0.0205372
0.0204679
0.0203926
0.0203235
0.0202506
0.0201855
0.0201181
0.0200522
0.019991
0.0199386
0.0198741
0.0198086
0.0197373
0.0196685
0.0195925
0.0195243
0.0194575
0.0193917
0.0193248
0.0192575
0.0191916
0.0191282
0.019067
0.0190077
0.0189329
0.0188568
0.0187845
0.018709
0.0186325
0.0186172
0.0186336
0.018559
0.0184856
0.0184118
0.0183405
0.0182713
0.0182112
0.0181606
0.0181034
0.0180466
0.0179831
0.0179248
0.017874
0.0178274
0.0177806
0.0177352
0.0176953
0.0176458
0.0175997
0.0175501
0.0174987
0.0174521
0.017396
0.0173422
0.0172827
0.0172178
0.0171561
0.0171011
0.0170473
0.0169894
0.0169335
0.0168797
0.0168327
0.0167742
0.0167288
0.0166719
0.0166123
0.0165523
0.0164929
0.0164379
0.0163789
0.0163299
0.0162638
0.0162082
0.016154
0.016097
0.0160386
0.015981
0.0159186
0.0158672
0.0158184
0.015771
0.0157173
0.0156681
0.0156149
0.0155625
0.0155098
0.0154577
