0.864417
0.8636
0.86296
0.862717
0.861923
0.859213
0.861517
0.861234
0.860352
0.859274
0.858697
0.857752
0.85716
0.854464
0.855977
0.853663
0.852842
0.851942
0.851132
0.849441
0.84781
0.845124
0.844767
0.844654
0.844368
0.843981
0.838486
0.833458
0.827845
0.824076
0.819831
0.816068
0.814462
0.812989
0.812006
0.811334
0.810111
0.809606
0.809155
0.808765
0.808538
0.808095
0.80765
0.807023
0.804076
0.806259
0.803393
0.804411
0.798851
0.791823
0.784923
0.781923
0.781294
0.778764
0.774927
0.771281
0.764515
0.764143
0.763651
0.763313
0.760581
0.757657
0.76289
0.762319
0.761954
0.761739
0.76149
0.760755
0.760459
0.760266
0.759745
0.759189
0.756723
0.756224
0.755262
0.755051
0.752312
0.748143
0.741279
0.7385
0.740893
0.740042
0.73983
0.733738
0.727937
0.725665
0.722066
0.719796
0.721238
0.720971
0.720317
0.720063
0.719815
0.719232
0.718323
0.717397
0.716904
0.715944
0.715831
0.715582
0.715265
0.714694
0.714378
0.713639
0.712912
0.712183
0.711451
0.71066
0.710194
0.70945
0.708587
0.707033
0.705775
0.702253
0.699057
0.696943
0.694263
0.697755
0.697394
0.696756
0.696343
0.695698
0.695099
0.694599
0.694117
0.693473
0.692905
0.692696
0.692669
0.692603
0.690074
0.692497
0.692078
0.69196
0.691431
0.691216
0.684027
0.677307
0.6749
0.673708
0.671937
0.66863
0.664618
0.659938
0.656054
0.653464
0.651396
0.649135
0.647603
0.646083
0.644854
0.64018
0.639155
0.637776
0.636326
0.635131
0.63485
0.633962
0.632652
0.632042
0.631144
0.629871
0.6296
0.629405
0.626512
0.626169
0.625809
0.62544
0.621759
0.621293
0.621187
0.618948
0.616987
0.614958
0.612964
0.610978
0.608599
0.606582
0.614438
0.614175
0.613957
0.613578
0.613039
0.612603
0.612287
0.611863
0.611483
0.611209
0.610899
0.610506
0.60951
0.607652
0.603356
0.598303
0.59169
0.590709
0.589946
0.586092
0.583895
0.58518
0.584175
0.58207
0.583597
0.582912
0.581742
0.58065
0.579675
0.578637
0.576983
0.575929
0.571745
0.570835
0.566397
0.563044
0.562644
0.562386
0.561577
0.560713
0.559903
0.557086
0.55425
0.548005
0.541882
0.540151
0.538388
0.536656
0.534916
0.533195
0.540709
0.540105
0.539701
0.538546
0.536963
0.535339
0.536534
0.532429
0.528364
0.526728
0.524944
0.528121
0.526842
0.526208
0.525195
0.519146
0.513216
0.507399
0.501752
0.498064
0.493532
0.488977
0.487451
0.485871
0.487737
0.485855
0.485057
0.484414
0.482965
0.481356
0.479586
0.477696
0.477338
0.476956
0.475977
0.470698
0.465519
0.460434
0.455443
0.450542
0.445732
0.441007
0.436364
0.431804
0.427325
0.422923
0.418597
0.414345
0.410165
0.406056
0.402017
0.400753
0.398034
0.394114
0.390259
0.386468
0.382736
0.379061
0.377631
0.375957
0.374681
0.372767
0.369225
0.365734
0.362296
0.358911
0.355578
0.352297
0.349063
0.345877
0.342738
0.339647
0.336599
0.333595
0.330676
0.327752
0.324884
0.322047
0.319257
0.316497
0.313775
0.31109
0.310302
0.308198
0.307931
0.307714
0.307633
0.307545
0.307415
0.307209
0.306978
0.30588
0.304851
0.303841
0.304311
0.301661
0.299091
0.296513
0.294043
0.291763
0.290743
0.290366
0.289146
0.287577
0.285133
0.283005
0.281454
0.280575
0.279558
0.279605
0.278776
0.278064
0.277268
0.276354
0.275712
0.275346
0.275073
0.274598
0.273896
0.273562
0.273173
0.27265
0.272165
0.271849
0.271686
0.271587
0.271277
0.271081
0.270736
0.270634
0.270407
0.270145
0.270052
0.269865
0.269761
0.269635
0.269366
0.26926
0.269097
0.268878
0.268703
0.268516
0.268349
0.268118
0.268058
0.267773
0.26767
0.267557
0.267374
0.267297
0.267237
0.267056
0.266996
0.266929
0.266877
0.266824
0.266689
0.266652
0.26411
0.263971
0.263763
0.263623
0.263515
0.263407
0.26335
0.263262
0.263137
0.262954
0.262921
0.262522
0.262545
0.262516
0.262426
0.262363
0.261961
0.261889
0.261811
0.261741
0.261631
0.261514
0.261406
0.261225
0.260302
0.259446
0.260604
0.259811
0.258909
0.258098
0.257437
0.256837
0.256251
0.255528
0.254822
0.254417
0.25409
0.253765
0.253413
0.253224
0.252927
0.252847
0.252588
0.252362
0.252181
0.251884
0.251761
0.251755
0.251658
0.251407
0.250489
0.24955
0.251256
0.251206
0.251132
0.250969
0.250349
0.249271
0.246895
0.244407
0.2419
0.2409
0.241259
0.240219
0.239952
0.238036
0.235482
0.23464
0.23421
0.233086
0.232611
0.231767
0.230194
0.229343
0.228599
0.226177
0.224728
0.222642
0.220404
0.218246
0.217333
0.216535
0.215854
0.217246
0.215157
0.213093
0.211193
0.210315
0.209506
0.211104
0.210308
0.209586
0.208165
0.206571
0.205479
0.204585
0.203448
0.202833
0.202166
0.203435
0.203489
0.203401
0.203052
0.202064
0.201236
0.200935
0.200688
0.200547
0.200363
0.20014
0.199964
0.199757
0.199393
0.198902
0.198217
0.197453
0.196588
0.196132
0.195821
0.195634
0.195403
0.195307
0.195176
0.195133
0.195164
0.195118
0.195198
0.19518
0.194472
0.195035
0.194816
0.1945
0.194412
0.194193
0.193969
0.193841
0.193486
0.193251
0.192671
0.192038
0.191401
0.190772
0.193255
0.193289
0.193183
0.193185
0.19317
0.193084
0.193106
0.19307
0.192932
0.192985
0.192966
0.192968
0.192508
0.191765
0.191032
0.189596
0.188972
0.188566
0.187969
0.187622
0.187348
0.187143
0.186955
0.186834
0.18672
0.186529
0.186349
0.186224
0.186132
0.186018
0.185946
0.185846
0.185875
0.18589
0.185825
0.185383
0.185108
0.18511
0.185142
0.185018
0.18479
0.184778
0.184685
0.184551
0.184326
0.184354
0.184311
0.184358
0.184293
0.184125
0.184041
0.183998
0.183951
0.183954
0.183967
0.183941
0.184013
0.183987
0.183944
0.183955
0.183903
0.183598
0.183529
0.183462
0.183289
0.1832
0.182976
0.182421
0.181636
0.181053
0.180765
0.180504
0.18005
0.179506
0.179994
0.180047
0.180021
0.179661
0.179391
0.179121
0.178896
0.178268
0.177272
0.176682
0.176109
0.175716
0.174817
0.174435
0.174209
0.173813
0.173523
0.17312
0.172741
0.172449
0.172347
0.172204
0.172057
0.171573
0.171041
0.171485
0.171436
0.171093
0.170468
0.170978
0.170891
0.170819
0.170727
0.170623
0.170784
0.170995
0.168858
0.166543
0.165869
0.165674
0.164016
0.163982
0.163917
0.163949
0.163762
0.163307
0.163
0.162337
0.162389
0.162306
0.162294
0.16212
0.161692
0.160242
0.159977
0.160034
0.160058
0.160151
0.160207
0.160163
0.160085
0.159981
0.159959
0.15942
0.158834
0.158235
0.157722
0.159457
0.159468
0.159484
0.15941
0.159266
0.158792
0.158274
0.157757
0.157257
0.156747
0.156232
0.155733
0.155217
0.154714
0.154208
0.158393
0.158389
0.158392
0.158459
0.15833
0.157836
0.155864
0.153463
0.153361
0.15317
0.15294
0.152798
0.152678
0.152633
0.152581
0.152525
0.152514
0.152515
0.152379
0.149992
0.149423
0.149968
0.149987
0.14986
0.14932
0.149068
0.147282
0.146826
0.146268
0.144984
0.142748
0.142565
0.142584
0.142555
0.141795
0.141496
0.141146
0.140747
0.140341
0.139806
0.137941
0.136684
0.136235
0.135819
0.135495
0.135215
0.134872
0.134715
0.134376
0.133342
0.131393
0.129496
0.129002
0.127703
0.127244
0.126069
0.125745
0.125471
0.125205
0.124757
0.124938
0.124101
0.123499
0.123035
0.12259
0.121891
0.121545
0.121141
0.120976
0.120765
0.120478
0.120288
0.119964
0.119405
0.119132
0.118517
0.11819
0.117815
0.116645
0.115677
0.114645
0.11396
0.113549
0.112683
0.111778
0.110944
0.110208
0.109681
0.109097
0.108777
0.108438
0.108029
0.10764
0.107704
0.107526
0.107274
0.10694
0.106787
0.106561
0.105954
0.104741
0.10424
0.103819
0.103521
0.102523
0.102247
0.101877
0.101554
0.101163
0.100835
0.100513
0.100192
0.0998774
0.0995609
0.102047
0.101991
0.101867
0.101743
0.101624
0.101442
0.101334
0.101197
0.101125
0.101028
0.100983
0.100858
0.100765
0.100666
0.100509
0.100131
0.0997657
0.0986222
0.0975437
0.0971852
0.0972305
0.0969219
0.0964444
0.0961701
0.0959081
0.0955445
0.0953728
0.095113
0.0948524
0.0947419
0.0945988
0.0944199
0.0931938
0.0918749
0.0906288
0.0903495
0.0900132
0.0896166
0.0889602
0.0883016
0.0876386
0.0873207
0.0867951
0.0857605
0.0853824
0.0850227
0.0847143
0.0849379
0.0847293
0.0845968
0.0842299
0.0838963
0.0837244
0.0834227
0.0836038
0.0834516
0.0832356
0.0830316
0.0829164
0.08283
0.0828004
0.0826781
0.0827053
0.082675
0.0825914
0.0825147
0.082418
0.0824384
0.0824138
0.0823095
0.0821629
0.0820929
0.0818616
0.0816759
0.0815232
0.0814102
0.0812744
0.0812307
0.081112
0.0810616
0.0810267
0.0809969
0.080876
0.080728
0.0807813
0.0808534
0.0808766
0.0808059
0.0807597
0.0806341
0.0803436
0.0802933
0.0798919
0.0796466
0.0793805
0.0792447
0.0786276
0.0785556
0.078545
0.0773227
0.0771971
0.076925
0.0767446
0.0764828
0.0762109
0.0761685
0.07597
0.0758292
0.0755523
0.0756789
0.0755228
0.0753029
0.0749517
0.0747161
0.074604
0.0745591
0.0742904
0.0744466
0.0741277
0.0737785
0.0736239
0.0735709
0.0737022
0.0736585
0.0735349
0.0733086
0.0734173
0.0732175
0.0729648
0.0727491
0.072501
0.0724485
0.0724987
0.0724921
0.0722278
0.0719016
0.0712046
0.07063
0.0705227
0.0701149
0.0698037
0.0695136
0.0694803
0.0686801
0.0687086
0.0687368
0.0687237
0.0687344
0.0686573
0.068527
0.0685736
0.0686682
0.0688338
0.0688771
0.0689585
0.0689909
0.0689711
0.0690121
0.0689647
0.0689063
0.0688688
0.0688782
0.0689515
0.0689882
0.0690873
0.0688439
0.0685774
0.0681461
0.0676233
0.0672928
0.0671153
0.0668561
0.0667341
0.0667472
0.0666182
0.0665894
0.0666658
0.0666584
0.066656
0.0664389
0.0664455
0.0663142
0.0662245
0.066201
0.0660771
0.066181
0.0661727
0.066047
0.0658558
0.0658959
0.0659276
0.0657085
0.0652211
0.064724
0.0643356
0.0640958
0.0638799
0.0635331
0.0630865
0.062725
0.0623702
0.0619716
0.0615584
0.0613713
0.0612048
0.0610759
