0.86542
0.864719
0.864229
0.864023
0.862593
0.861898
0.861357
0.860832
0.860115
0.859951
0.859637
0.859432
0.858893
0.858393
0.857616
0.857421
0.857186
0.85704
0.856627
0.856344
0.856103
0.855839
0.855298
0.854247
0.853898
0.853725
0.853591
0.85327
0.853022
0.852777
0.852204
0.851997
0.851835
0.851465
0.84889
0.846098
0.850728
0.850082
0.849471
0.849174
0.848988
0.848707
0.84853
0.848283
0.847995
0.847717
0.846946
0.846656
0.846366
0.846073
0.845282
0.844877
0.844591
0.844289
0.84331
0.842026
0.841758
0.84125
0.840141
0.839701
0.839182
0.838848
0.838544
0.838265
0.837675
0.837248
0.836783
0.836376
0.836052
0.835484
0.834366
0.833674
0.833287
0.832743
0.83242
0.832204
0.831737
0.831165
0.830776
0.830512
0.830186
0.830003
0.828391
0.827888
0.826547
0.825642
0.824453
0.824237
0.821227
0.818089
0.823787
0.823566
0.822552
0.821306
0.818867
0.817306
0.815724
0.815018
0.813655
0.812747
0.811721
0.810388
0.810074
0.809249
0.808957
0.80863
0.807225
0.805454
0.803761
0.800378
0.799052
0.798056
0.796193
0.795402
0.793253
0.792653
0.789864
0.787164
0.78676
0.783387
0.783035
0.782213
0.780479
0.777882
0.773751
0.773475
0.772663
0.770693
0.76971
0.768536
0.76714
0.766776
0.766577
0.765641
0.765273
0.764874
0.764401
0.761379
0.759988
0.758271
0.756092
0.753045
0.751241
0.749317
0.748156
0.746954
0.743776
0.746633
0.745115
0.744378
0.743208
0.742535
0.740742
0.739647
0.738924
0.737985
0.737451
0.737116
0.73685
0.735659
0.734822
0.734445
0.734032
0.733644
0.733161
0.732751
0.732165
0.731639
0.730827
0.730251
0.729253
0.728847
0.728579
0.727034
0.725991
0.725046
0.724681
0.723953
0.723381
0.722032
0.721662
0.721055
0.720704
0.719233
0.718351
0.717947
0.716935
0.716551
0.716295
0.714747
0.714402
0.713874
0.712584
0.711578
0.710547
0.710195
0.709883
0.709401
0.708654
0.707854
0.707145
0.705571
0.705168
0.704911
0.704331
0.702141
0.701485
0.699606
0.69898
0.696022
0.6942
0.693783
0.692691
0.692336
0.691315
0.689584
0.688739
0.687993
0.687536
0.687028
0.685866
0.685327
0.683777
0.683359
0.68298
0.68257
0.68178
0.681138
0.680007
0.678792
0.678033
0.67772
0.677251
0.676605
0.676194
0.666983
0.658745
0.649939
0.646145
0.645277
0.644493
0.64333
0.642439
0.640128
0.639668
0.631152
0.628847
0.625555
0.624616
0.62411
0.623176
0.622757
0.620858
0.619434
0.614708
0.607554
0.605321
0.603315
0.607153
0.606241
0.605947
0.604723
0.604225
0.596138
0.593961
0.59476
0.593033
0.592267
0.591595
0.590476
0.589279
0.588374
0.587452
0.585556
0.58372
0.582799
0.582259
0.581523
0.580939
0.577975
0.577613
0.577069
0.576442
0.575808
0.574628
0.573924
0.572897
0.571452
0.570944
0.570459
0.570047
0.569461
0.569002
0.568369
0.567901
0.567483
0.564862
0.562458
0.56446
0.564014
0.563062
0.562547
0.561607
0.560989
0.560307
0.558609
0.557773
0.557308
0.55683
0.556208
0.555468
0.554778
0.554506
0.554105
0.553699
0.552781
0.550147
0.547819
0.544445
0.542871
0.541727
0.540642
0.539635
0.538214
0.537169
0.536227
0.535804
0.535353
0.534946
0.532967
0.526946
0.526449
0.5257
0.52515
0.523877
0.522847
0.522331
0.521307
0.52077
0.520342
0.519968
0.518771
0.516311
0.515359
0.51501
0.514732
0.514179
0.513767
0.512458
0.51217
0.511478
0.51066
0.508985
0.507917
0.507258
0.505999
0.505553
0.504515
0.50304
0.501464
0.500744
0.50008
0.499726
0.499336
0.498044
0.497035
0.496536
0.495856
0.495389
0.494841
0.494444
0.49391
0.493169
0.49252
0.491695
0.491188
0.490192
0.489259
0.488482
0.487328
0.486965
0.486333
0.485777
0.485417
0.485051
0.484399
0.483924
0.482219
0.477275
0.469502
0.468671
0.465417
0.463911
0.459792
0.457593
0.456509
0.455546
0.449261
0.442122
0.439403
0.436556
0.432335
0.426954
0.420394
0.414017
0.409027
0.405407
0.402234
0.398928
0.395332
0.391892
0.389549
0.387345
0.384591
0.382301
0.380196
0.377511
0.375639
0.373473
0.370059
0.368179
0.365617
0.36366
0.361885
0.360386
0.35891
0.357119
0.355949
0.354557
0.352595
0.351062
0.350007
0.348782
0.347498
0.346155
0.344448
0.343013
0.34184
0.340293
0.339264
0.335556
0.334331
0.333231
0.33195
0.330936
0.326377
0.324013
0.321291
0.318908
0.316784
0.314707
0.312582
0.310586
0.308311
0.306464
0.302411
0.29845
0.294577
0.293258
0.292155
0.290686
0.289011
0.285312
0.283666
0.280109
0.279086
0.276659
0.273286
0.27
0.26682
0.265652
0.264449
0.262512
0.261413
0.259699
0.258551
0.257385
0.25628
0.254758
0.253676
0.25239
0.251294
0.250118
0.248796
0.245828
0.24292
0.240076
0.239205
0.237291
0.236218
0.235321
0.234145
0.233019
0.232126
0.230961
0.230177
0.229388
0.228683
0.227033
0.224452
0.221896
0.219499
0.217186
0.214889
0.212602
0.210396
0.208113
0.207377
0.206581
0.205446
0.204604
0.20384
0.203065
0.202066
0.200903
0.200093
0.198968
0.198286
0.197506
0.195635
0.193548
0.192944
0.191491
0.190488
0.189592
0.188795
0.187745
0.186921
0.186263
0.185583
0.184862
0.184149
0.183549
0.182673
0.18207
0.181323
0.180749
0.179894
0.179106
0.17819
0.177191
0.17593
0.174697
0.174057
0.1735
0.172465
0.171858
0.171307
0.170805
0.170305
0.169725
0.168978
0.168375
0.16774
0.167143
0.166577
0.165675
0.165213
0.164784
0.163566
0.162655
0.161681
0.160412
0.159282
0.159005
0.158102
0.157288
0.156087
0.154981
0.1539
0.153207
0.15231
0.151592
0.150739
0.149951
0.149534
0.149187
0.148822
0.148387
0.147989
0.147626
0.147084
0.147274
0.146724
0.146378
0.145971
0.145508
0.144977
0.144528
0.144192
0.143853
0.143457
0.142996
0.142616
0.14121
0.140863
0.140198
0.139287
0.138419
0.137568
0.136629
0.135719
0.134998
0.133932
0.133111
0.132326
0.131672
0.130782
0.13008
0.129211
0.128484
0.127797
0.127169
0.125965
0.124793
0.124334
0.123713
0.123168
0.122771
0.121957
0.12127
0.120424
0.119758
0.119154
0.118375
0.117979
0.117349
0.1171
0.11636
0.116089
0.115197
0.114843
0.114176
0.113889
0.113743
0.113604
0.113322
0.113115
0.112901
0.112683
0.112445
0.112308
0.112161
0.11197
0.111743
0.111577
0.111367
0.111163
0.11101
0.110788
0.11016
0.110008
0.109879
0.109708
0.109541
0.109399
0.109213
0.109026
0.108832
0.108708
0.10857
0.108448
0.108129
0.107096
0.106702
0.106553
0.105813
0.105497
0.104916
0.104629
0.10412
0.103824
0.103107
0.102609
0.102311
0.101992
0.101593
0.101344
0.10039
0.0994766
0.0985917
0.097679
0.0968693
0.0959819
0.0956268
0.0951132
0.0942587
0.0934367
0.0931429
0.09259
0.0917552
0.0909368
0.0901987
0.089658
0.0889402
0.0884546
0.087836
0.087564
0.0873227
0.0870481
0.0868709
0.0863259
0.0856125
0.0848669
0.0848066
0.0847304
0.0846819
0.0845707
0.0843054
0.0842183
0.0841302
0.0839031
0.083864
0.0838102
0.0837571
0.0836773
0.0836312
0.0835737
0.0832645
0.0828223
0.0825218
0.0825621
0.0822269
0.0818639
0.081426
0.0811211
0.0803969
0.0801033
0.0796801
0.0793391
0.0790762
0.0787703
0.0785074
0.0782036
0.0779445
0.0789666
0.0782554
0.0775535
0.0768648
0.0761867
0.0755142
0.0752403
0.0748484
0.0745353
0.0742487
0.0746224
0.0742057
0.0737981
0.0734655
0.073238
0.0728226
0.0723376
0.0717601
0.0713643
0.0707889
0.070568
0.0701774
0.0695736
0.0689768
0.0683967
0.0678153
0.0672429
0.0666781
0.0661274
0.0655761
0.0650319
0.064496
0.064262
0.0642332
0.0637796
0.0634242
0.0632293
0.0630183
0.062811
0.0630199
0.0628278
0.0625992
0.0622618
0.0619177
0.0616777
0.061173
0.0609127
0.0608428
0.0605203
0.0601817
0.0598188
0.0596365
0.0594554
0.0592727
0.0591071
0.0589241
0.058726
0.0585272
0.058336
0.0581427
0.0586976
0.0582719
0.0580929
0.0579026
0.0577233
0.0575292
0.0573386
0.0571472
0.0569592
0.0575395
0.0572141
0.0570411
0.0568176
0.056628
0.0567382
0.0566531
0.0561869
0.0559125
0.0556517
0.0553094
0.0549896
0.0547237
0.0542752
0.054043
0.0538304
0.05363
0.0534083
0.0529764
0.0525471
0.052123
0.0517069
0.0512994
0.0508901
0.0504859
0.0500935
0.0499348
0.0497011
0.0493099
0.048924
0.0485465
0.0481739
0.0478007
0.0474327
0.0470729
0.0467126
0.0463599
0.0460079
0.0458354
0.0456741
0.045504
0.0453376
0.0449978
0.0446587
0.0443237
0.0439928
0.0436738
0.0435143
0.0433556
0.043041
0.0427484
0.0424444
0.042312
0.0421707
0.042029
0.0418907
0.0417519
0.0422883
0.041973
0.0418165
0.0416818
0.0414381
0.0411423
0.0409816
0.0407574
0.0405342
0.0402967
0.0400761
0.0398783
0.0397087
0.0395458
0.039268
0.0390806
0.0390125
0.0389328
0.0386737
0.0386018
0.0384832
0.0383209
0.038043
0.0378784
0.0379363
0.0378227
0.0377353
0.037624
0.0374871
0.0373711
0.0372342
0.0370335
0.0369144
0.0367929
0.0366749
0.0365314
0.0364239
0.0362234
0.0360323
0.0358505
0.0356254
0.0355168
0.0354022
0.0352457
0.0351366
0.0351381
0.0348841
0.0347534
0.0346319
0.0345054
0.0343736
0.0342422
0.0341106
0.034382
0.0341313
0.0338834
0.0337392
0.0336079
0.033477
0.0333669
0.0332563
0.0337989
0.0336755
0.0335591
0.0333127
0.0330681
0.0329457
0.0328175
0.0326889
0.0325624
0.032438
0.0323118
0.0321867
0.032063
0.0319413
0.0318377
0.0317169
0.0315934
0.032815
0.0325648
0.0324459
0.0323251
0.0320801
0.0318392
0.031604
0.0313668
0.0311323
0.0310534
0.0308738
0.0306696
0.0304799
0.0303848
0.0303172
0.0300929
0.0298712
0.0297788
0.029698
0.0295531
0.0294526
0.0293325
0.0292424
0.0291172
0.0290108
0.0289033
0.0286917
0.028571
0.0284597
0.0284845
0.0282816
0.0281776
0.0280693
0.0280751
0.0278724
0.0277692
0.027668
0.027567
0.0274616
0.0274643
0.027364
0.0272601
0.0272623
0.0271621
0.027059
0.0269562
0.0268532
0.02675
0.0266465
0.0265447
0.0264426
0.0271248
0.0269521
0.026878
0.0267013
0.0265813
0.0265117
0.0263324
0.0262046
0.0261553
0.0261325
0.0261271
0.0261458
0.0261585
0.0261486
