0.697741
0.681923
0.666654
0.652111
0.63846
0.625716
0.612879
0.600392
0.588334
0.576872
0.565696
0.555213
0.545107
0.535407
0.525765
0.516378
0.507455
0.498667
0.490401
0.48249
0.474661
0.466803
0.45912
0.452218
0.44591
0.439202
0.432451
0.425745
0.419218
0.412869
0.406702
0.400701
0.394856
0.389145
0.383575
0.378147
0.37285
0.367681
0.362638
0.357716
0.352924
0.348234
0.343665
0.339199
0.334829
0.330554
0.326372
0.322284
0.318285
0.314371
0.31054
0.306789
0.303118
0.299521
0.295997
0.292545
0.289161
0.288259
0.28729
0.285819
0.28254
0.279325
0.276174
0.275325
0.273073
0.270064
0.267097
0.264231
0.261451
0.258663
0.255907
0.253223
0.250592
0.248006
0.245479
0.243221
0.240996
0.238796
0.236391
0.234009
0.231662
0.229365
0.227091
0.224872
0.222672
0.220509
0.218736
0.216854
0.214787
0.212857
0.211087
0.20929
0.207518
0.205585
0.203682
0.20181
0.199978
0.198244
0.196481
0.194721
0.19298
0.191264
0.189573
0.188872
0.188241
0.187894
0.186239
0.184608
0.183
0.181418
0.17991
0.178392
0.177836
0.176865
0.175361
0.174818
0.17387
0.1724
0.17095
0.169522
0.168111
0.166723
0.165356
0.164004
0.16267
0.161357
0.160869
0.160079
0.158847
0.157633
0.156443
0.155297
0.154112
0.152951
0.15179
0.150638
0.149492
0.148379
0.147266
0.146164
0.145069
0.143995
0.142931
0.141899
0.140865
0.139876
0.138896
0.137957
0.137149
0.136178
0.135192
0.134205
0.133251
0.132285
0.131332
0.130404
0.129469
0.128546
0.127631
0.126727
0.125833
0.124949
0.124074
0.123214
0.122383
0.12156
0.120739
0.119929
0.119118
0.118311
0.117534
0.116756
0.115999
0.115242
0.114496
0.113748
0.11299
0.112244
0.11151
0.110778
0.110054
0.109338
0.108628
0.107927
0.10723
0.10654
0.105859
0.105185
0.104518
0.103853
0.103195
0.102548
0.101905
0.101271
0.100641
0.10002
0.0994033
0.0987941
0.0981881
0.0975923
0.0969972
0.0964127
0.0958271
0.095249
0.0946773
0.0941088
0.0935458
0.0929865
0.0924347
0.0918889
0.0913459
0.0908034
0.0902624
0.0897259
0.0891935
0.0886871
0.0881639
0.0876448
0.087135
0.0866277
0.0861252
0.085634
0.0851466
0.084664
0.0841821
0.0837086
0.0832347
0.0827645
0.0822986
0.0818414
0.0813909
0.0809416
0.0805026
0.0800541
0.0796029
0.0791601
0.0787183
0.0782796
0.0778464
0.0774175
0.0769931
0.0765714
0.0761521
0.0757368
0.0753279
0.0749285
0.0745214
0.0741269
0.0737287
0.0733336
0.0729385
0.0725534
0.0721713
0.0717858
0.0714079
0.0710303
0.0706532
0.0702753
0.0699051
0.0695384
0.0691697
0.0688066
0.0684451
0.0680929
0.0677442
0.067391
0.0670447
0.0666982
0.066356
0.0660163
0.0656805
0.0653487
0.065019
0.0646943
0.0643612
0.064029
0.063712
0.0633921
0.0630773
0.0627642
0.0624471
0.0621337
0.061824
0.0615175
0.0612154
0.0609116
0.0606088
0.0603061
0.0600074
0.059714
0.0594184
0.0591225
0.0588296
0.0585419
0.0582547
0.0579679
0.0576806
0.0573951
0.0571133
0.0568321
0.0565587
0.0562881
0.0560162
0.0557468
0.0554842
0.0552126
0.0549473
0.0546938
0.054438
0.0541845
0.0539362
0.0536864
0.0534306
0.0531741
0.052921
0.0526773
0.0524376
0.0522
0.0519628
0.0517228
0.0514754
0.0512411
0.0509974
0.0507547
0.0505148
0.0502748
0.0500363
0.0498001
0.0495648
0.0493306
0.0490978
0.0488897
0.0486594
0.0484305
0.0482029
0.0479768
0.047752
0.0475287
0.0473071
0.0470888
0.0468693
0.0466521
0.0464367
0.0462242
0.0460159
0.0458157
0.0456113
0.0454073
0.0452011
0.0449968
0.0447911
0.0445887
0.04439
0.0441944
0.0440002
0.0438056
0.0436093
0.0434146
0.0432206
0.0430235
0.0428296
0.0426354
0.0424448
0.0422535
0.0420623
0.0418729
0.0416855
0.0414979
0.0413704
0.04131
0.0411233
0.0409375
0.0407529
0.0405694
0.0403869
0.0402054
0.040025
0.0398456
0.0396673
0.03949
0.0393136
0.0391383
0.038964
0.0387907
0.0386183
0.0384468
0.0382767
0.0381087
0.0379414
0.0377747
0.0376093
0.0374442
0.0372798
0.0371173
0.0369548
0.0367943
0.0366336
0.0364745
0.0363173
0.0361587
0.0360021
0.0358469
0.0356916
0.0355388
0.0353862
0.0352334
0.0350832
0.0349323
0.0347827
0.0346334
0.0344849
0.0343372
0.0341903
0.0340439
0.0338984
0.0337549
0.0336131
0.0334725
0.0333323
0.0331914
0.0330519
0.0329115
0.0327733
0.032635
0.0324984
0.0323617
0.0322265
0.0320924
0.0319606
0.0318269
0.0316935
0.0315635
0.031431
0.0312998
0.0311697
0.0310431
0.0309144
0.0307858
0.0306591
0.0305332
0.030407
0.0302827
0.0301574
0.0300342
0.0299111
0.0297896
0.0296683
0.0295501
0.0294308
0.0293108
0.0291904
0.0290741
0.0289541
0.028834
0.0287145
0.0285967
0.0284799
0.0283622
0.028245
0.0281285
0.0280125
0.0278973
0.0277825
0.0276684
0.0275549
0.0274427
0.0273309
0.027221
0.0271107
0.0270011
0.0268918
0.0267822
0.0266732
0.0265653
0.0264576
0.0263502
0.0262437
0.0261374
0.0260315
0.0259266
0.0258229
0.0257202
0.025617
0.0255147
0.0254125
0.0253122
0.0252114
0.0251106
0.0250098
0.0249091
0.0248089
0.0247092
0.0246099
0.0245111
0.0244127
0.0243148
0.0242174
0.0241204
0.0240241
0.0239282
0.0238327
0.0237376
0.0236434
0.0235492
0.0234556
0.0233624
0.0232696
0.0231775
0.023086
0.0229955
0.0229049
0.0228143
0.022724
0.0226341
0.0225449
0.0224562
0.0223676
0.0222801
0.0221922
0.0221047
0.0220177
0.021931
0.0218447
0.0217588
0.0216733
0.0215882
0.0215035
0.0214192
0.0213353
0.0212516
0.0211687
0.0210861
0.0210038
0.0209219
0.0208403
0.0207591
0.0206778
0.0205975
0.0205172
0.0204375
0.0203591
0.0202809
0.0202027
0.0201411
0.0201245
0.0200464
0.0199681
0.01989
0.0198123
0.0197351
0.0196582
0.0195826
0.0195074
0.0194327
0.0193583
0.0192833
0.0192099
0.0191353
0.0190469
0.0189755
0.0190602
0.0189943
0.0189211
0.018847
0.018774
0.0187014
0.0186292
0.0185573
0.0184864
0.018415
0.0183447
0.0182739
0.0182028
0.018133
0.0180637
0.0179943
0.0179249
0.0178561
0.0177874
0.0177196
0.017652
0.0175842
0.0175174
0.0174511
0.0173849
0.0173187
0.0172533
0.0171879
0.017123
0.0170582
0.0169932
0.0169292
0.0168655
0.0168023
0.0167392
0.016677
0.0166133
0.0165508
0.0164884
0.0164262
0.0163644
0.0163027
0.0162411
0.0161797
0.0161186
0.0160582
0.0159979
0.0159375
0.0158774
0.0158175
0.0157581
0.0156984
0.0156389
0.0155797
0.0155207
0.0154619
0.0154035
0.0153452
0.0152872
0.0152295
0.0151722
0.0151152
0.0150587
0.0150024
0.0149461
0.0148903
0.0148346
0.0147792
0.014724
0.0146688
0.0146143
0.0145601
0.0145059
0.0144518
0.0143976
0.0143438
0.0142903
0.014237
0.0141839
0.014131
0.0140782
0.014026
0.0139738
0.0139218
0.0138701
0.0138187
0.0137677
0.0137168
0.0136664
0.0136159
0.0135657
0.0135161
0.0134664
0.0134168
0.0133675
0.0133186
0.0132699
0.0132212
0.0131728
0.0131249
0.013077
0.0130291
0.0129815
0.0129343
0.012887
0.0128402
0.0127935
0.012747
0.0127007
0.0126549
0.0126092
0.0125634
0.0125175
0.0124724
0.0124272
0.0123817
0.0123364
0.0122919
0.0122475
0.0122031
0.0121593
0.0121156
0.0120717
0.0120278
0.0119842
0.0119409
0.0118976
0.0118547
0.011812
0.0117693
0.0117268
0.0116849
0.0116429
0.011601
0.0115596
0.0115183
0.0114764
0.011435
0.0113936
0.0113528
0.0113121
0.0112716
0.0112315
0.0111914
0.0111507
0.011111
0.0110716
0.0110331
0.0109939
0.0109554
0.0109164
0.0108771
0.0108383
0.0108002
0.0107616
0.0107231
0.0106856
0.0106478
0.0106104
0.0105726
0.0105354
0.0104981
0.0104606
0.0104237
0.0103867
0.0103503
0.0103142
0.0102778
0.0102423
0.0102066
0.0101706
0.010135
0.0100985
0.0100631
0.0100274
0.00999189
0.00995668
0.00992111
0.00988587
0.00985147
0.00981656
0.0097824
0.00974799
0.00971391
0.00968034
0.00964651
0.0096131
0.00958028
0.0095479
0.00951465
0.00948264
0.00945025
0.00941745
0.00938478
0.00935258
0.0093206
0.00928723
0.00925398
0.00922084
0.00919779
0.00916859
0.00913776
0.00910678
0.00907828
0.00905032
0.00902202
0.00899249
0.00896291
0.00893453
0.00890588
0.00887792
0.00884935
0.008819
0.0087905
0.0087624
0.00873366
0.00870599
0.00867782
0.0086479
0.0086169
0.00858603
0.00855533
0.00852946
0.00852468
0.00849478
0.0084688
0.0084445
0.00841792
0.00838763
0.00835943
0.00835734
0.00831734
0.00828436
0.00827694
0.00832695
0.00829669
0.00826659
0.00823655
0.00820665
0.00817689
0.00814761
0.0081194
0.00809083
0.00806321
0.00803663
0.0080111
0.00798225
0.00795376
0.00792499
0.00789643
0.00789069
0.00789619
0.00785555
0.00784965
0.00786741
0.00783874
0.00781011
0.00781004
0.00777982
0.00774972
0.00772011
0.00768615
0.00765678
0.00778086
0.00775185
0.00772295
0.00769416
0.00766553
0.00763712
0.00760887
0.00758056
0.00755246
0.0075252
0.0074979
0.0074706
0.00744331
0.00741591
0.00738839
0.007361
0.00733375
0.00730715
0.00728226
0.00725883
0.00723408
0.0072087
0.00718316
0.00715918
0.00713458
0.00710971
0.00708453
0.00705922
0.00703522
0.00700996
0.0069865
0.00696093
0.0069357
0.00691106
0.00688592
0.00686105
0.00683618
0.00681187
0.00678783
0.00676395
0.00673932
0.00671543
0.0066908
0.00666616
0.0066418
0.0066184
0.00659604
0.00657598
0.00655429
0.00653108
0.0065085
0.00648785
0.00646643
0.00644395
0.00642028
0.00639759
0.00637493
0.00635252
0.00633097
0.006309
0.00628767
0.00626555
0.00624329
0.00622081
0.00619904
0.00617679
0.00615415
0.00613167
0.00610919
0.0060868
0.0060645
0.00604228
0.00602017
0.00599815
0.00597621
0.00595449
0.00593274
0.00591104
0.00588944
0.00586856
0.0058475
0.00582652
0.00580544
0.00578429
0.00576319
0.00574217
0.00572126
0.00570044
0.00567975
0.00565923
0.0056389
0.0056185
0.00559838
0.00557848
0.00555866
0.0055385
0.00551837
0.0054983
0.00547835
0.00545847
0.00543864
0.00541813
0.00541882
0.00539654
0.00537593
0.00539919
0.00537941
0.00535978
0.00534026
0.00532068
0.00530125
0.00528218
0.00526287
0.00524374
0.00522479
0.00521088
0.0051918
0.00517292
0.00515405
0.00513584
0.00511788
0.00510034
0.00508493
0.00506647
0.00504808
0.0050299
0.0050121
0.00499393
0.00497591
0.00495885
0.00494146
0.00492358
0.00490585
0.00488819
0.00487053
0.00485318
0.0048357
0.00481827
0.00480096
0.00478367
0.00476653
0.00474928
0.0047321
0.00471508
0.00469806
0.00468136
0.00466444
0.00464799
0.00463391
0.00462035
0.00460728
0.00459064
0.00457428
0.00455794
0.00454183
0.00452564
0.00450958
0.00449363
0.00447764
0.00446167
0.00444591
0.00443038
0.00441484
0.00439923
0.00438357
0.00436786
0.00435219
0.00433677
0.00432143
0.00430616
0.00429083
0.0042758
0.00426061
0.00424554
0.00423047
0.00421534
0.00420036
0.00418567
0.00417218
0.00415875
0.0041439
