0.695889
0.679734
0.664331
0.650347
0.636629
0.634674
0.623408
0.610554
0.597791
0.58559
0.573972
0.562591
0.551529
0.549795
0.540856
0.53044
0.520574
0.511047
0.501995
0.492906
0.484197
0.475673
0.467617
0.460281
0.452643
0.445295
0.437931
0.430781
0.423836
0.417091
0.410528
0.404145
0.397947
0.39193
0.38605
0.380391
0.374811
0.369391
0.364203
0.359049
0.354036
0.349159
0.34442
0.33977
0.338529
0.335178
0.333971
0.330656
0.328734
0.324358
0.320078
0.315923
0.311877
0.307872
0.303954
0.300121
0.296372
0.292707
0.289141
0.285659
0.284602
0.283515
0.282197
0.278797
0.275469
0.272253
0.269067
0.265933
0.262865
0.259957
0.257084
0.254263
0.251407
0.24861
0.245875
0.243256
0.24235
0.240594
0.23798
0.2371
0.236191
0.234533
0.233264
0.230797
0.228346
0.227611
0.225947
0.225258
0.224196
0.223028
0.221094
0.219051
0.216828
0.214605
0.212435
0.210306
0.208213
0.206161
0.204115
0.202132
0.200137
0.198177
0.196254
0.194356
0.192493
0.190698
0.188899
0.187136
0.185392
0.183685
0.18199
0.180329
0.178663
0.177022
0.175405
0.174862
0.174181
0.1738
0.172221
0.170675
0.16915
0.167659
0.16618
0.164716
0.163277
0.161847
0.160443
0.15911
0.157886
0.156667
0.156076
0.155405
0.154099
0.152986
0.151778
0.150856
0.149585
0.148384
0.147688
0.147298
0.146403
0.145381
0.144434
0.143442
0.142443
0.141781
0.141263
0.140531
0.140028
0.139359
0.138741
0.13774
0.137068
0.136279
0.135273
0.134231
0.133418
0.132388
0.131711
0.130723
0.129786
0.129111
0.128483
0.127974
0.12715
0.126624
0.125964
0.12528
0.124473
0.12362
0.12293
0.122478
0.122081
0.121683
0.121283
0.120878
0.120384
0.119991
0.121944
0.121171
0.120632
0.120101
0.119323
0.118684
0.118154
0.117399
0.116702
0.116115
0.115508
0.11485
0.114173
0.113817
0.113296
0.112418
0.111545
0.110951
0.110157
0.109314
0.108907
0.108477
0.107689
0.107299
0.107058
0.106306
0.105581
0.104845
0.104126
0.103536
0.102906
0.102221
0.101577
0.101035
0.100282
0.099537
0.0991669
0.0987106
0.0980838
0.0974176
0.0967529
0.0960447
0.0953868
0.0946947
0.094009
0.0937111
0.0934074
0.0930978
0.0927983
0.0925021
0.093326
0.0926475
0.0919855
0.0913185
0.0906607
0.0903866
0.0901412
0.0894957
0.0888565
0.08859
0.0882793
0.088429
0.0878043
0.0872147
0.0866543
0.0860358
0.085424
0.084821
0.0842309
0.083649
0.0830888
0.0825257
0.0822682
0.0819936
0.0821754
0.0817329
0.0812391
0.0807197
0.0801863
0.079649
0.0793582
0.0790435
0.0789784
0.0789115
0.0790953
0.0785473
0.0780052
0.0774684
0.0769374
0.0764116
0.0758912
0.0753766
0.0748667
0.0743619
0.0738621
0.0733673
0.0728776
0.0723927
0.0719127
0.0714373
0.0709666
0.0707332
0.070499
0.0700359
0.0695774
0.0691234
0.068675
0.0682311
0.0679754
0.0677883
0.0673977
0.066982
0.0665569
0.06613
0.0657291
0.0653124
0.064899
0.0644875
0.0640796
0.0636755
0.0632765
0.0628804
0.0624871
0.0620972
0.0617162
0.0613327
0.0609528
0.0605772
0.0602084
0.0598385
0.0594719
0.0591085
0.058773
0.0584155
0.0580734
0.0577347
0.0574051
0.0571287
0.056855
0.0565883
0.0562762
0.056068
0.0558795
0.055693
0.0559351
0.0555971
0.0552619
0.0549296
0.0546001
0.0542731
0.0539492
0.053628
0.0533091
0.0529927
0.052679
0.0523677
0.052059
0.051753
0.051559
0.0514481
0.0511457
0.0508463
0.0505488
0.0502537
0.049961
0.0496709
0.0493832
0.0491089
0.0488328
0.0485533
0.0482751
0.047998
0.0477231
0.0474507
0.0471803
0.0469152
0.0466487
0.046385
0.0461226
0.0458623
0.045604
0.0453478
0.0450936
0.044841
0.0445906
0.0443433
0.0440972
0.043853
0.0436112
0.0433699
0.0431302
0.0428921
0.042656
0.0424214
0.0421887
0.0419573
0.0417278
0.0414999
0.0412739
0.0410511
0.040828
0.0406098
0.0403921
0.0401742
0.0399584
0.0397439
0.0395303
0.0393194
0.0391083
0.0389031
0.0386985
0.0384948
0.0383036
0.0381134
0.0379136
0.0377149
0.0375243
0.0373282
0.0371453
0.0369509
0.0367741
0.0365935
0.0364076
0.036222
0.036033
0.0358476
0.0356646
0.0354813
0.0352972
0.0351173
0.0349365
0.0347554
0.0346268
0.0345104
0.0345739
0.0343938
0.034215
0.0340373
0.033861
0.0336859
0.0335119
0.0333394
0.0331677
0.0329971
0.0328275
0.0326591
0.032492
0.032326
0.0321614
0.0319981
0.0318354
0.0316742
0.031514
0.0313546
0.0311959
0.0310384
0.030882
0.0307265
0.0306151
0.0304973
0.0305713
0.0304207
0.0302682
0.0301163
0.0299647
0.0298136
0.0296635
0.0295142
0.0293659
0.0292416
0.029218
0.029071
0.0289251
0.0287801
0.028636
0.0284928
0.0283506
0.0282092
0.0280705
0.027966
0.0279304
0.0278264
0.0277917
0.0276532
0.0275159
0.0273792
0.0272433
0.0271082
0.0269936
0.0268917
0.0268059
0.0269725
0.0268375
0.0267033
0.0265699
0.0264562
0.0263539
0.0264364
0.0263035
0.0261716
0.0260407
0.0259106
0.0257813
0.025653
0.0255256
0.0254441
0.0253536
0.0253988
0.0252781
0.0251578
0.0250338
0.0249097
0.0247864
0.0246647
0.0245442
0.024425
0.0243051
0.0241858
0.0240673
0.0239496
0.023833
0.0237164
0.0236005
0.0234852
0.0233708
0.0232573
0.0231466
0.0230389
0.0229381
0.0228425
0.0227391
0.0226412
0.0225483
0.0224597
0.0223622
0.0222555
0.0221743
0.0221485
0.0220414
0.0219348
0.0218292
0.021724
0.0216193
0.0215153
0.0214122
0.0213096
0.0212436
0.0211722
0.0211025
0.0210336
0.0212068
0.0211092
0.0210072
0.0209061
0.0208063
0.0207069
0.0206166
0.0205179
0.0204193
0.0203293
0.0202357
0.0201441
0.0200499
0.0199541
0.0198589
0.019764
0.01967
0.0195763
0.0194842
0.019392
0.0193077
0.019218
0.0191324
0.0190438
0.018955
0.0188673
0.018779
0.0186939
0.0186099
0.0185247
0.0184457
0.0183601
0.0182763
0.0181918
0.0181089
0.0180242
0.01794
0.0178572
0.0177746
0.0176925
0.01761
0.0175293
0.017448
0.0173688
0.0172884
0.0172093
0.0171308
0.0170539
0.0169762
0.0168986
0.016821
0.0167444
0.016668
0.0165922
0.0165169
0.0164418
0.0163682
0.0162938
0.0162198
0.0161466
0.0160743
0.0160013
0.015929
0.0158573
0.0157854
0.0157142
0.015643
0.0155723
0.0155019
0.015432
0.0153626
0.0152935
0.0152248
0.0151787
0.0151577
0.0150925
0.0150256
0.014959
0.0148941
0.014837
0.0147787
0.0147145
0.0146558
0.0145955
0.0145463
0.014503
0.0144401
0.0143777
0.0143203
0.0142664
0.0142039
0.014141
0.0140791
0.0140168
0.0139563
0.0138956
0.0138355
0.0137748
0.0137271
0.0137158
0.0136569
0.0135966
0.0135473
0.0135365
0.013477
0.0134188
0.0133602
0.0133013
0.0132477
0.0131984
0.0131404
0.0130824
0.0130252
0.0129765
0.012927
0.0128945
0.0128517
0.012813
0.012759
0.0127151
0.0126598
0.0126138
0.0125701
0.0125215
0.0124759
0.0124245
0.0123851
0.0123484
0.0123155
0.012278
0.0122392
0.012214
0.012177
0.0121277
0.012075
0.012022
0.01197
0.011917
0.0118649
0.0118193
0.011781
0.0118658
0.0118158
0.0117652
0.0117147
0.0116624
0.0116263
0.0115886
0.0115511
0.0115139
0.011476
0.0114391
0.0114029
0.0113662
0.0113167
0.0112779
0.0116086
0.0115567
0.0115041
0.0114525
0.011401
0.011366
0.0113483
0.0112959
0.0112456
0.0111976
0.0111488
0.0111002
0.0110526
0.011007
0.0109597
0.0109142
0.0108751
0.0108348
0.0107873
0.0107377
0.01069
0.0106979
0.0106616
0.010615
0.010567
0.0105676
0.010525
0.0104929
0.0104422
0.0104761
0.0104276
0.0103803
0.0103353
0.0102896
0.010242
0.0101955
0.0101496
0.0101039
0.0100578
0.0100119
0.00996575
0.00991992
0.00987479
0.00983031
0.00978582
0.00974131
0.00969725
0.00965543
0.00961353
0.00956968
0.00952609
0.00948275
0.00944
0.00939714
0.00935472
0.00931234
0.00927063
0.00922891
0.00918736
0.00915315
0.00914594
0.00910459
0.00906347
0.00902258
0.00898193
0.00894155
0.00890142
0.00886171
0.00882229
0.00878301
0.00874384
0.00870508
0.0086665
0.00862782
0.00858945
0.0085516
0.00851366
0.00847597
0.00843818
0.00840062
0.00836323
0.00832605
0.00829564
0.00828891
0.00825198
0.00821525
0.00817871
0.00814237
0.00810646
0.0080706
0.00803484
0.0079994
0.00797077
0.00796415
0.00792952
0.00789518
0.00786073
0.007827
0.00779292
0.00775866
0.00772432
0.00769018
0.0076562
0.0076224
0.00758877
0.00755535
0.00752831
0.00750372
0.00747361
0.00744975
0.00742578
0.00740081
0.007372
0.00734722
0.0075212
0.00748775
0.00745445
0.00742159
0.00738823
0.0073558
0.00732351
0.00729089
0.00725841
0.00722801
0.00719598
0.00716457
0.00713334
0.00710326
0.00707246
0.00704154
0.00701532
0.00701001
0.00697887
0.00695305
0.00694807
0.00691796
0.00688704
0.00685703
0.00682699
0.00679658
0.00676691
0.00673827
0.00670838
0.00667919
0.00665029
0.00662232
0.00660421
0.00657483
0.00654566
0.00652007
0.00649123
0.00646259
0.00643392
0.0064054
0.00637706
0.00635347
0.00634873
0.00632054
0.00629252
0.00626475
0.00624248
0.00623895
0.00621173
0.00618436
0.00615695
0.00612968
0.00610265
0.00608007
0.00607567
0.00604883
0.00602202
0.00599551
0.00596904
0.00594286
0.00591685
0.00589095
0.00586552
0.0058399
0.00581428
0.00578874
0.00576336
0.00573852
0.00571354
0.00568844
0.00566387
0.00563935
0.00561466
0.00559024
0.00556587
0.00554183
0.00551779
0.00549403
0.00547023
0.00544669
0.00542338
0.00539998
0.00537661
0.00535328
0.00533028
0.00530747
0.00528468
0.00526189
0.00523927
0.00521668
0.00519737
0.00519403
0.00517152
0.00514913
0.00512687
0.00510472
0.00508263
0.00506075
0.00503902
0.00501728
0.00499568
0.00497421
0.00495285
0.00493158
0.00491381
0.00491035
0.00488928
0.00486829
0.00485074
0.00484734
0.00482645
0.00480565
0.00478494
0.00476438
0.00474393
0.00472389
0.00470652
0.00470359
0.00468334
0.00466318
0.00464333
0.00462377
0.004606
0.00458847
0.00456967
0.00455328
0.00454482
0.00453137
0.00451772
0.00450503
0.00448924
0.00447419
0.00445729
0.00443991
0.00442115
0.00440233
0.00438354
0.00436484
0.00434657
0.00432807
0.00430971
0.00429146
0.00427346
0.00425531
0.00423773
0.00422014
0.00420295
0.00418558
0.00416868
0.00415141
0.00413619
0.00412156
0.00410728
0.00409047
0.004074
0.0040578
0.00404155
0.00402613
0.00400984
0.00399516
0.00398095
0.00396752
0.00395512
0.00393877
0.00392352
0.00390696
0.00389054
0.00387415
0.00385785
0.00384164
0.00382553
0.00380949
0.00379374
0.0037781
0.00376232
0.00374677
0.00373188
0.00371652
0.00370165
0.0036862
0.00367153
0.00365623
0.00364125
0.00362637
0.00361141
0.00359702
0.0035822
0.00356737
0.00355252
0.00353799
0.00352363
0.003509
0.00349443
0.00347994
0.00346553
0.00345125
0.00343706
0.00342285
0.00340871
0.00339464
0.00338065
0.00336673
0.00335287
0.00333909
0.00332538
0.00331176
