0.69604
0.679685
0.664222
0.649296
0.634925
0.621132
0.607892
0.59515
0.582876
0.571093
0.559722
0.548771
0.538191
0.527977
0.518117
0.508615
0.499653
0.490764
0.482108
0.473727
0.465607
0.458077
0.450409
0.442985
0.43577
0.42884
0.422061
0.415476
0.409238
0.403003
0.396923
0.391037
0.385302
0.379674
0.378498
0.377226
0.374131
0.368733
0.363483
0.35838
0.353441
0.348571
0.343862
0.339268
0.33495
0.330701
0.32648
0.322434
0.31847
0.314614
0.310737
0.307049
0.303485
0.299922
0.296443
0.292845
0.289295
0.285813
0.282404
0.279065
0.275793
0.272589
0.269449
0.266368
0.263344
0.260379
0.257471
0.254619
0.251822
0.249078
0.246384
0.243737
0.241139
0.238587
0.236078
0.233614
0.231192
0.228812
0.226477
0.22419
0.221937
0.219731
0.217544
0.215405
0.213295
0.211215
0.20917
0.207168
0.206392
0.205593
0.205224
0.203272
0.20133
0.199418
0.197537
0.195685
0.193862
0.192067
0.1903
0.18856
0.186846
0.185158
0.183495
0.181856
0.18024
0.178648
0.177079
0.175533
0.174009
0.172506
0.171023
0.169561
0.16812
0.166698
0.165297
0.163914
0.16255
0.161204
0.159876
0.158564
0.157269
0.155991
0.15473
0.153485
0.152256
0.151043
0.149844
0.14866
0.147491
0.146338
0.145198
0.144073
0.142961
0.141863
0.140777
0.139705
0.138644
0.137597
0.13656
0.135537
0.134525
0.133524
0.132537
0.131559
0.130594
0.129644
0.129083
0.128706
0.127768
0.12684
0.125923
0.125016
0.124119
0.123232
0.122355
0.121488
0.120632
0.119789
0.118953
0.118124
0.117306
0.116512
0.115721
0.11494
0.114163
0.113394
0.112628
0.111873
0.11112
0.110379
0.109647
0.108928
0.10822
0.107512
0.106809
0.106114
0.105435
0.10475
0.104106
0.103466
0.102817
0.102159
0.101523
0.100875
0.100256
0.0996318
0.0990018
0.0984021
0.0977985
0.0971996
0.0965989
0.095998
0.0954159
0.0948195
0.0942599
0.0936789
0.0931054
0.0925344
0.0919676
0.0914043
0.0908563
0.0903131
0.0897648
0.0892274
0.0886874
0.0881497
0.0876195
0.0870969
0.0865925
0.0861005
0.0856131
0.0851471
0.084661
0.0841939
0.0837094
0.0832202
0.082769
0.0822968
0.0818264
0.0813626
0.0808983
0.0804341
0.0799748
0.0795177
0.0790687
0.0786227
0.078178
0.0777405
0.0773094
0.0768984
0.0764747
0.0760553
0.0756523
0.0752485
0.0748492
0.0744214
0.0739968
0.0735778
0.0732183
0.072834
0.0724465
0.0720551
0.0716703
0.0713053
0.070944
0.0705499
0.0702922
0.0702773
0.0699285
0.0695629
0.0691872
0.0688254
0.0684438
0.0681213
0.067816
0.0674389
0.0671893
0.0669667
0.0670996
0.0667404
0.0664129
0.066065
0.0657533
0.0653888
0.06515
0.0650332
0.0646792
0.0643314
0.0639848
0.0636379
0.0633058
0.0629658
0.0626262
0.0622969
0.0619715
0.0616708
0.061374
0.0610822
0.0607802
0.0604537
0.0601529
0.0598588
0.0595799
0.0593091
0.0590196
0.0587422
0.058462
0.0581792
0.0579149
0.0576607
0.0574106
0.0571421
0.0568919
0.0566354
0.0564002
0.0561474
0.0558834
0.055643
0.0556315
0.0553618
0.0550896
0.0548198
0.0545358
0.0542608
0.0539884
0.0537109
0.0534397
0.0531768
0.0529217
0.0526648
0.0524047
0.0521421
0.0518858
0.0516431
0.0514045
0.0511476
0.0509309
0.0507105
0.050702
0.0505266
0.0502882
0.0500461
0.0498054
0.049563
0.0493289
0.049082
0.0488339
0.0485934
0.0483638
0.0481814
0.0481145
0.0478833
0.0476432
0.0474063
0.0471746
0.0469503
0.0467216
0.046487
0.0462654
0.0460481
0.0458294
0.0456103
0.0453802
0.045162
0.0449447
0.0447289
0.0445124
0.0443083
0.044087
0.0438765
0.043666
0.0434564
0.0432538
0.0430469
0.0428427
0.0426333
0.0424265
0.0422211
0.0420151
0.0418098
0.0416052
0.0414047
0.04121
0.0410167
0.040823
0.0406242
0.0404316
0.040238
0.0400539
0.0398666
0.0396781
0.0394895
0.0392994
0.0391202
0.0389372
0.038754
0.0385709
0.0383865
0.0382078
0.0380347
0.0378626
0.0376867
0.0375123
0.037345
0.0371756
0.0370023
0.0368361
0.036668
0.0364926
0.0363169
0.0361652
0.0359915
0.035819
0.0356488
0.0354787
0.0353106
0.0351439
0.0349763
0.0348099
0.034645
0.0344808
0.0343175
0.0341576
0.033996
0.0338401
0.0336855
0.0335266
0.0333687
0.0332116
0.0330555
0.0329011
0.0327507
0.0325993
0.032447
0.032296
0.0321454
0.0319955
0.0318467
0.0316988
0.0315516
0.0314055
0.0312603
0.031116
0.0309725
0.0308298
0.0306879
0.0305468
0.0304067
0.0302677
0.0301298
0.0299924
0.0298571
0.0297222
0.0295882
0.0294549
0.0293217
0.0291901
0.0290617
0.0289334
0.0288439
0.0288016
0.0286951
0.0286014
0.0284893
0.0286692
0.0285438
0.0284183
0.0282909
0.0281662
0.0280435
0.0279197
0.0278
0.0276754
0.0275521
0.0274339
0.027309
0.0271848
0.0270629
0.0269466
0.0268295
0.0267093
0.0265935
0.0264732
0.0263576
0.0262387
0.0261429
0.026133
0.02603
0.0259132
0.0257997
0.025716
0.0256078
0.0254949
0.0253896
0.0252774
0.0251713
0.0250618
0.0249541
0.0248445
0.0247397
0.0246316
0.0245261
0.024421
0.0243261
0.0242174
0.024109
0.0240011
0.0239106
0.0238934
0.0238066
0.0237037
0.0236002
0.0234974
0.0233985
0.0232959
0.0231951
0.0230965
0.0230261
0.0229933
0.0228908
0.0227886
0.0226875
0.0225899
0.0224928
0.0223926
0.0222932
0.0221945
0.0221002
0.0220055
0.0219088
0.0218133
0.0217176
0.0216228
0.0215286
0.0214349
0.0213426
0.0212488
0.0211581
0.0210656
0.0209729
0.0208807
0.020815
0.0207887
0.0206973
0.0206068
0.0205166
0.0204273
0.0203379
0.02025
0.0201628
0.0200765
0.0199893
0.0199026
0.0198164
0.0197305
0.0196445
0.019559
0.0194741
0.0193896
0.0193054
0.0192218
0.0191386
0.0190558
0.0189736
0.0188918
0.0188105
0.0187299
0.0186495
0.0185695
0.01849
0.0184109
0.0183322
0.018254
0.0181762
0.0180989
0.0180219
0.0179454
0.0178693
0.0177936
0.017718
0.0176431
0.0175708
0.0175032
0.0174296
0.0173558
0.0172824
0.0172093
0.0171366
0.0170642
0.0169923
0.0169208
0.0168497
0.0167789
0.0167085
0.0166385
0.0165689
0.0165005
0.0164327
0.016366
0.0162997
0.0162332
0.0161732
0.0161674
0.0161006
0.0160357
0.0159713
0.0159081
0.0158443
0.0157792
0.0157157
0.0156529
0.0155913
0.0155287
0.0154671
0.0154026
0.0153387
0.0152749
0.0152113
0.0151481
0.0150852
0.0150227
0.0149604
0.0148985
0.0148369
0.0147757
0.0147147
0.0146541
0.0145937
0.0145337
0.014474
0.0144146
0.0143554
0.0142967
0.0142381
0.0141797
0.0141259
0.0141214
0.01407
0.0140121
0.0139546
0.0138973
0.0138403
0.0137836
0.0137271
0.013671
0.0136151
0.0135596
0.0135043
0.0134493
0.0133946
0.0133401
0.0132985
0.0132857
0.0132325
0.0131813
0.0131306
0.0130793
0.0130306
0.0129827
0.0129353
0.0128861
0.0128362
0.0127857
0.0127344
0.0126835
0.0126328
0.0125821
0.0125319
0.0124838
0.012434
0.0123845
0.0123378
0.0122909
0.0122437
0.012197
0.0121515
0.0121059
0.0120608
0.0120137
0.0119675
0.0119205
0.0118749
0.0118274
0.0117796
0.0117413
0.0116941
0.0116468
0.0115997
0.0115529
0.0115063
0.0114599
0.0114138
0.0113678
0.0113221
0.0112767
0.0112409
0.0111966
0.0112311
0.0111894
0.0111516
0.0111065
0.0110615
0.0110173
0.0109728
0.0109314
0.0109283
0.0108875
0.0108435
0.0108094
0.0107993
0.0107556
0.010713
0.0106733
0.0106301
0.0105869
0.0105438
0.010501
0.0104688
0.0104583
0.0104254
0.0104156
0.0103732
0.0103309
0.0102889
0.0102478
0.0102075
0.0101684
0.0101285
0.0100881
0.0100487
0.0100096
0.00996974
0.00993136
0.00989355
0.00985667
0.00982124
0.00978645
0.00975112
0.00971457
0.00971148
0.00967508
0.00967292
0.00963342
0.0095941
0.00955507
0.00951614
0.00947745
0.00944193
0.0094389
0.00939829
0.00936692
0.00933
0.00929886
0.00926198
0.00923107
0.00939953
0.00936485
0.0093258
0.00928697
0.00924829
0.00920978
0.00917548
0.00917129
0.00913116
0.00909517
0.00913433
0.00909599
0.00905777
0.00901975
0.00899183
0.00898181
0.00894406
0.00890652
0.00886915
0.00883198
0.00880421
0.00879486
0.00876172
0.00872491
0.00868892
0.00865505
0.0086223
0.00858819
0.00855242
0.00851654
0.00848084
0.00845
0.00841873
0.00841444
0.00837906
0.00834386
0.00831843
0.00829046
0.00826239
0.00830859
0.00828306
0.00827339
0.00823838
0.00820356
0.00816893
0.00813448
0.00809947
0.00810003
0.00806577
0.0080317
0.0079978
0.00797323
0.00796397
0.0079397
0.00793022
0.00790547
0.00787851
0.00785183
0.00782563
0.00779932
0.00789607
0.00786212
0.00783777
0.00782823
0.00780381
0.00777738
0.00775199
0.00772555
0.00769995
0.00779397
0.0077599
0.00773588
0.00770501
0.00767911
0.00772566
0.00769209
0.00765821
0.00762452
0.00759102
0.00755772
0.0075246
0.00749166
0.00745891
0.00742664
0.00742631
0.00739811
0.00739372
0.00736148
0.00732912
0.00729693
0.00726599
0.00723532
0.00720618
0.00717693
0.00714563
0.00712299
0.00711423
0.00708297
0.00705417
0.00702321
0.00699248
0.00696183
0.00693132
0.006901
0.0068708
0.00684244
0.00681254
0.00678635
0.00678353
0.00675762
0.00675373
0.00672539
0.00669663
0.00666722
0.00663978
0.00661104
0.00658626
0.00658195
0.00655303
0.00652427
0.00649567
0.00647508
0.00645316
0.00643115
0.00641
0.00638845
0.00646678
0.00643801
0.00640957
0.00638113
0.00635283
0.00632469
0.00629672
0.00626891
0.00624126
0.00621376
0.00618642
0.00615924
0.00613221
0.00610534
0.0060786
0.00605211
0.00602627
0.00600049
0.00597429
0.00594848
0.00593021
0.00592327
0.00589735
0.00587183
0.00587277
0.0058475
0.00582368
0.0057992
0.00577472
0.00574993
0.0057255
0.00570084
0.00567675
0.00565313
0.00562949
0.00560591
0.00558184
0.0055575
0.00553329
0.00550921
0.00548527
0.00546815
0.00546138
0.00543763
0.0054204
0.00541416
0.00539057
0.00536998
0.00536739
0.00534727
0.0053262
0.00530533
0.00528429
0.00534357
0.00531988
0.00529654
0.00527349
0.00525296
0.00523188
0.00521416
0.00519688
0.00527366
0.00524994
0.00522666
0.00520316
0.00518006
0.00516052
0.00514006
0.00511992
0.0050995
0.00507964
0.00505962
0.00503993
0.00502043
0.005001
0.00498467
0.00496539
0.0049457
0.00515571
0.00513163
0.00511103
0.00510754
0.00508351
0.00505978
0.00503654
0.00501287
0.0049893
0.00496727
0.0049439
0.00492067
0.00489758
0.00488135
0.00487456
0.00485167
0.00482893
0.00481386
0.00480626
0.00478375
0.00476144
0.00473918
0.00472439
0.00471696
0.00469917
0.00469494
0.00467289
0.00465312
0.00463478
0.00465078
0.0046288
0.00461167
0.0045935
0.00460677
0.00458486
0.0045669
0.00456367
0.00454624
0.00452821
0.00454175
0.00452472
0.00450613
0.00451977
0.00450239
0.00448378
0.00446578
0.00444786
0.0044299
0.00441212
0.0043943
0.00437688
0.00449756
0.00447515
0.00445292
0.0044308
0.0044089
0.0043871
0.00436543
0.00434401
0.00432278
0.00430221
0.0042826
0.00426534
0.00424912
0.00423101
