0.647755
0.647363
0.646308
0.645899
0.642689
0.642298
0.641679
0.641371
0.640143
0.639704
0.638529
0.6379
0.637429
0.637106
0.636874
0.636671
0.636347
0.635673
0.634402
0.634201
0.634076
0.634107
0.63271
0.631176
0.630397
0.629407
0.628781
0.627198
0.621415
0.621253
0.621271
0.615112
0.613506
0.60462
0.601568
0.597356
0.593062
0.587436
0.584191
0.579644
0.569179
0.563752
0.558813
0.54982
0.544964
0.541241
0.536477
0.529095
0.524027
0.519794
0.512782
0.505813
0.500602
0.494257
0.487157
0.480865
0.47933
0.477626
0.47306
0.465614
0.463968
0.462547
0.461149
0.460471
0.459257
0.457002
0.452902
0.450895
0.445388
0.440448
0.436677
0.431908
0.427522
0.42497
0.424229
0.421866
0.421085
0.420627
0.418601
0.416888
0.413504
0.411796
0.411227
0.408994
0.408458
0.408264
0.407529
0.406477
0.406081
0.405547
0.404834
0.403877
0.403154
0.402623
0.401836
0.399039
0.398285
0.395429
0.393612
0.393355
0.39031
0.384426
0.382938
0.381679
0.384158
0.383785
0.382903
0.381991
0.381061
0.379099
0.378054
0.376856
0.377637
0.377378
0.376246
0.376929
0.375662
0.374715
0.372493
0.369814
0.364528
0.361055
0.35822
0.355294
0.354415
0.353326
0.354133
0.351922
0.351593
0.350837
0.350158
0.349822
0.349574
0.349243
0.348863
0.348372
0.34744
0.34595
0.345383
0.344153
0.343038
0.342062
0.340953
0.340648
0.339748
0.339212
0.338476
0.337345
0.336826
0.332799
0.331603
0.329734
0.324902
0.320513
0.318484
0.313939
0.30949
0.308351
0.307133
0.304822
0.304516
0.302571
0.302212
0.30178
0.301498
0.30128
0.300978
0.30083
0.30074
0.300557
0.300074
0.299551
0.298946
0.298684
0.298053
0.297932
0.297655
0.297342
0.296919
0.296627
0.296321
0.296282
0.296108
0.295976
0.29577
0.294914
0.294326
0.293734
0.293444
0.293268
0.292637
0.291701
0.29104
0.290646
0.289922
0.289242
0.288695
0.288261
0.287475
0.2871
0.285864
0.285387
0.284971
0.283974
0.283485
0.282348
0.281579
0.281307
0.280185
0.280109
0.280045
0.275758
0.271585
0.26752
0.266859
0.266776
0.266836
0.265503
0.265131
0.265013
0.264585
0.264261
0.263812
0.263576
0.263302
0.263205
0.263085
0.262802
0.262285
0.261557
0.260828
0.259961
0.259791
0.259687
0.259313
0.258906
0.258861
0.258292
0.25808
0.257939
0.257888
0.257736
0.25771
0.257207
0.256589
0.256444
0.255875
0.255835
0.255534
0.25532
0.254812
0.254607
0.254433
0.254183
0.253732
0.253599
0.253585
0.253378
0.251881
0.251792
0.251138
0.251018
0.250595
0.249964
0.249874
0.24939
0.249114
0.248876
0.246897
0.245093
0.243916
0.242722
0.241774
0.241202
0.24121
0.239973
0.239629
0.238551
0.23769
0.237471
0.236834
0.236535
0.235999
0.235604
0.235312
0.235233
0.234884
0.234392
0.232697
0.232382
0.229997
0.229411
0.227942
0.226407
0.225695
0.225381
0.225185
0.225197
0.225129
0.224459
0.224362
0.224356
0.224267
0.223727
0.223582
0.223632
0.223463
0.223377
0.223172
0.223032
0.223048
0.223119
0.223278
0.223366
0.22319
0.222642
0.222115
0.221758
0.221531
0.221457
0.219655
0.219588
0.219462
0.219548
0.215847
0.212258
0.20881
0.205418
0.202121
0.198926
0.198465
0.197941
0.196824
0.195898
0.194419
0.194051
0.193999
0.193926
0.193842
0.193723
0.193661
0.193731
0.193848
0.193877
0.193762
0.193463
0.193199
0.193091
0.192589
0.192585
0.192485
0.192051
0.191593
0.19075
0.190328
0.189978
0.18954
0.18885
0.185777
0.185589
0.185543
0.185145
0.184993
0.184981
0.184624
0.183579
0.183382
0.182748
0.182298
0.181394
0.180299
0.17828
0.177627
0.176255
0.175322
0.173379
0.172139
0.17073
0.169688
0.168158
0.166762
0.165671
0.163948
0.161999
0.160285
0.159356
0.159108
0.158816
0.158653
0.157755
0.157631
0.157514
0.157109
0.156964
0.156626
0.156231
0.155733
0.155066
0.154736
0.154293
0.15367
0.153156
0.152191
0.151861
0.151711
0.150938
0.150718
0.150074
0.149827
0.149592
0.149402
0.148139
0.147983
0.147972
0.147666
0.146751
0.145879
0.145063
0.144833
0.144173
0.144165
0.143911
0.143809
0.143466
0.143439
0.143065
0.142754
0.142136
0.142115
0.141898
0.141561
0.141506
0.140285
0.140185
0.140013
0.139297
0.139022
0.138431
0.138307
0.137935
0.13773
0.13737
0.137028
0.136906
0.136569
0.136067
0.1356
0.134866
0.134714
0.13476
0.133991
0.133945
0.131863
0.130009
0.129797
0.129681
0.129409
0.128686
0.128336
0.128205
0.127839
0.12669
0.125812
0.125646
0.12563
0.125568
0.125423
0.125443
0.125306
0.125198
0.125098
0.124761
0.124469
0.124418
0.124457
0.124382
0.124469
0.122877
0.122858
0.122635
0.122581
0.12258
0.122562
0.12266
0.122323
0.122103
0.121826
0.121717
0.121361
0.12089
0.120561
0.120066
0.119426
0.118928
0.118434
0.11806
0.117956
0.117655
0.117532
0.117169
0.117016
0.116583
0.116507
0.116051
0.115542
0.115419
0.115096
0.114763
0.114524
0.114257
0.114037
0.113865
0.113402
0.11293
0.1126
0.11246
0.111894
0.111551
0.111324
0.111071
0.110888
0.110711
0.110411
0.109906
0.109662
0.10833
0.107798
0.107424
0.107359
0.107256
0.107158
0.106981
0.106716
0.106462
0.106095
0.105825
0.105534
0.104762
0.10379
0.103573
0.10339
0.102577
0.102265
0.102333
0.102057
0.101976
0.101942
0.101799
0.101614
0.101466
0.10133
0.101212
0.100886
0.100849
0.0994075
0.0991944
0.098545
0.0981305
0.0978077
0.0971271
0.096702
0.0964136
0.0961219
0.0957223
0.0956056
0.0952388
0.095091
0.094719
0.0944483
0.0941216
0.0931946
0.0930212
0.0927264
0.0920463
0.0918015
0.0915266
0.0913738
0.0912576
0.0909745
0.0908307
0.0901554
0.0898371
0.0895678
0.0890507
0.0886965
0.0883992
0.0878968
0.087653
0.0872786
0.0867975
0.086156
0.0858186
0.0854102
0.084671
0.084351
0.0840631
0.0837178
0.0831886
0.0829555
0.0827745
0.0825548
0.0820628
0.0815447
0.0811365
0.0807088
0.0804448
0.080244
0.0798384
0.079219
0.0786992
0.0783332
0.0778177
0.0775686
0.0764462
0.0761571
0.0757061
0.075531
0.0754482
0.0752385
0.074999
0.0749195
0.0744322
0.0742389
0.0741664
0.0738914
0.0737408
0.0734474
0.0732892
0.0732189
0.073142
0.0730579
0.0729279
0.0728673
0.0727372
0.0727445
0.0726952
0.0724393
0.072423
0.072422
0.0723525
0.0721375
0.0720417
0.0720206
0.0720007
0.0718485
0.0716509
0.0715623
0.0713756
0.0712055
0.0711495
0.0710213
0.0708067
0.070626
0.0703933
0.0702026
0.0697264
0.0695542
0.0691965
0.0689831
0.0688327
0.0686096
0.0685477
0.0683802
0.0683242
0.0681658
0.0677326
0.0674117
0.0671216
0.0668674
0.0665714
0.0664035
0.0663734
0.0661276
0.0658895
0.0657741
0.0656966
0.0653579
0.065143
0.0648337
0.0644611
0.0641528
0.0638629
0.0636587
0.063402
0.0631235
0.0630421
0.06287
0.0626838
0.0625731
0.0623786
0.061966
0.0618259
0.0616674
0.061599
0.0613237
0.0613248
0.061292
0.0612428
0.0608764
0.0608166
0.0606623
0.0605354
0.0604706
0.060476
0.0603064
0.0600683
0.059898
0.0596802
0.0594303
0.059343
0.0592679
0.0591597
0.0589351
0.0588655
0.058821
0.0585528
0.058457
0.0583079
0.0582331
0.0581162
0.0580391
0.0579658
0.0578729
0.0576426
0.0574721
0.0573811
0.0570904
0.0566874
0.0565072
0.0563762
0.0562274
0.056337
0.0562478
0.0560902
0.0559089
0.0558223
0.0557568
0.0557468
0.055584
0.0548644
0.0548642
0.054857
0.0547565
0.054654
0.0546778
0.0546007
0.0544484
0.0542457
0.0541983
0.0540823
0.0537433
0.0536399
0.0533529
0.0531777
0.0529935
0.0524899
0.0521507
0.051863
0.0517111
0.0516101
0.0514274
0.0512073
0.0511068
0.050933
0.0508296
0.0507001
0.0504754
0.0504421
0.050452
0.0503697
0.0501674
0.0503285
0.0503175
0.0502962
0.0500572
0.0498876
0.0498358
0.0500607
0.0498463
0.0497198
0.0495623
0.0494184
0.0489246
0.0484614
0.0482238
0.0479964
0.0477556
0.0470406
0.0468882
0.0463408
0.0461324
0.0459695
0.0459272
0.0463492
0.046342
0.0462535
0.0462288
0.0462223
0.0462099
0.0461235
0.046203
0.0460535
0.0459823
0.0458891
0.0457066
0.0457077
0.0456041
0.0452293
0.0450675
0.0450358
0.0445443
0.044358
0.0443236
0.0438759
0.0432248
0.0430388
0.0428057
0.0426474
0.0424711
0.0422729
0.0421073
0.0419373
0.0422072
0.0421773
0.0418419
0.0416297
0.041412
0.0412911
0.0411473
0.0409531
0.0410415
0.0409523
0.0408811
0.0408028
0.0407977
0.040795
0.0405054
0.0402015
0.0397379
0.0397826
0.039753
0.039605
0.0395777
0.0395288
0.0395605
0.0394243
0.0393421
0.0392805
0.0391967
0.0389447
0.038959
0.0390468
0.038937
0.038539
0.0386408
0.0386461
0.0387225
0.0387095
0.0388843
0.038998
0.0389654
0.0390145
0.0392187
0.039165
0.0391695
0.038857
0.0386261
0.0384395
0.0382822
0.0381325
0.0380372
0.037996
0.0377089
0.0374574
0.0373165
0.0371294
0.0370731
0.0368149
0.0367856
0.036718
0.0364429
0.036312
0.0360496
0.0358735
0.0358081
0.0357395
0.0356928
0.0357004
0.035409
0.0355755
0.0350534
0.0349572
0.0346873
0.0345345
0.0345261
0.0345479
0.0340647
0.0341235
0.0341737
0.033907
0.0338349
0.033824
0.0338106
0.0338231
0.0337974
0.0337645
0.0336834
0.0336613
0.0336728
0.0336616
0.0337048
0.0337304
0.0337223
0.0337707
0.0337595
0.0338366
0.0338061
0.0339586
0.033981
0.0339492
0.0340068
0.0340604
0.0338469
0.0336931
0.0333117
0.0331346
0.0329912
0.0331357
0.0328167
0.0324424
0.0324076
0.0321167
0.0317457
0.0313302
0.0308946
0.0305397
0.0301778
0.0300391
0.0296555
0.0293414
0.0290672
0.0287755
0.028522
0.0282985
0.0281765
0.0278699
0.0276669
0.0274508
0.0272789
0.0269379
0.0266439
0.0264692
0.0262292
0.0259298
0.0256494
0.0253329
0.0250332
0.0247873
0.0245022
0.024236
0.0240214
0.0237689
0.0235249
0.023257
0.0229797
0.0226982
0.0224653
0.0223073
0.0220605
0.0218559
0.0217727
0.0216174
0.0215224
0.0213515
0.0211995
0.0209969
0.0208773
0.0207554
0.0205766
0.0204012
0.0202077
0.0200286
0.0198391
0.0196977
0.0195561
0.019416
0.019218
0.0190396
0.0188465
0.0186945
0.0185736
0.0184203
0.0182671
0.0181529
0.0179892
0.0178559
0.0177055
0.0175292
0.0173792
0.017221
0.0171622
0.017103
0.017014
