0.61722
0.607202
0.597551
0.588114
0.578763
0.570126
0.561702
0.553145
0.545007
0.536929
0.529339
0.52151
0.513748
0.506132
0.499175
0.491839
0.484968
0.478086
0.471368
0.464769
0.458374
0.4521
0.446133
0.440169
0.434272
0.428553
0.423061
0.417612
0.412278
0.407131
0.402045
0.397011
0.392102
0.387378
0.382799
0.378162
0.373609
0.369145
0.365067
0.360973
0.357065
0.353166
0.349662
0.34592
0.342132
0.338361
0.334633
0.330988
0.327351
0.324157
0.32115
0.317722
0.31434
0.311117
0.308015
0.304881
0.301798
0.299076
0.296279
0.293579
0.29073
0.287961
0.285437
0.282644
0.280505
0.27848
0.276306
0.273995
0.272395
0.270507
0.267995
0.265835
0.263744
0.261351
0.258975
0.256959
0.254899
0.252797
0.250778
0.248753
0.246692
0.244564
0.242609
0.241036
0.239486
0.237668
0.235793
0.233888
0.231971
0.230167
0.228206
0.226245
0.224642
0.223007
0.22109
0.219496
0.217991
0.2172
0.216373
0.214749
0.213263
0.211686
0.210092
0.208515
0.206753
0.205137
0.203518
0.201974
0.200292
0.198662
0.197086
0.195508
0.193941
0.192439
0.190941
0.18945
0.188007
0.186614
0.185267
0.183876
0.182582
0.181274
0.179958
0.178556
0.177402
0.176251
0.175122
0.174431
0.173308
0.17205
0.170802
0.169537
0.168245
0.167006
0.166073
0.16506
0.164091
0.16317
0.16219
0.161126
0.160028
0.158915
0.15782
0.156837
0.15582
0.154702
0.153727
0.152672
0.151605
0.1507
0.14977
0.148789
0.147801
0.14691
0.146013
0.145031
0.144091
0.143209
0.142215
0.141263
0.14062
0.140009
0.139438
0.138851
0.138246
0.13731
0.136516
0.135834
0.135345
0.134871
0.134063
0.133131
0.132345
0.131472
0.130667
0.130104
0.129543
0.128818
0.128438
0.12798
0.127151
0.12644
0.125714
0.125041
0.124324
0.123628
0.123106
0.122583
0.122404
0.121905
0.121297
0.12067
0.119945
0.119142
0.118439
0.117876
0.117156
0.116634
0.11605
0.115423
0.114935
0.114194
0.113493
0.113013
0.112574
0.111858
0.111217
0.110835
0.110512
0.109774
0.109084
0.108504
0.107889
0.107265
0.106853
0.106192
0.105702
0.105034
0.104455
0.103835
0.103335
0.102834
0.102345
0.101936
0.101431
0.100914
0.100287
0.0998706
0.0994315
0.0988545
0.0983773
0.0978124
0.0972543
0.0968323
0.0964576
0.096101
0.0956891
0.0951237
0.0945758
0.0940966
0.0935523
0.0929916
0.0925632
0.0920793
0.091648
0.0911608
0.0906453
0.0901592
0.0896853
0.0892775
0.0888304
0.0882804
0.0878049
0.0872769
0.0868369
0.0863477
0.0858111
0.0852863
0.0847982
0.0843261
0.0838497
0.0833773
0.082924
0.0824419
0.0820093
0.0816064
0.0812426
0.0807976
0.0804407
0.0799808
0.0795823
0.0792321
0.078779
0.0783638
0.0779903
0.0776217
0.0771802
0.0767555
0.0763314
0.0759025
0.07549
0.0750988
0.0747504
0.0743405
0.073912
0.0734763
0.0730557
0.072641
0.0722309
0.0718441
0.0714402
0.0710509
0.0706507
0.0702416
0.0698362
0.0694401
0.0690411
0.0686446
0.0682492
0.067857
0.0674681
0.0670856
0.0667131
0.0664695
0.0664013
0.0660534
0.0657253
0.0653686
0.0650074
0.0646639
0.0643136
0.0639579
0.0636064
0.0632763
0.0629334
0.062598
0.0622752
0.061933
0.0615979
0.0612574
0.0609195
0.0605912
0.0602583
0.0599275
0.0596002
0.0592782
0.058955
0.0586328
0.0583127
0.0579932
0.0576833
0.0573716
0.0570603
0.0567534
0.0564574
0.0561578
0.0558604
0.0556017
0.0553096
0.0550184
0.0547237
0.0544359
0.0541567
0.0538738
0.0535863
0.0533203
0.0530496
0.0527681
0.0525188
0.0522744
0.052036
0.0517793
0.0515156
0.0512525
0.0510222
0.0507674
0.0505054
0.0502584
0.0500076
0.0497595
0.0495113
0.0493043
0.0490765
0.04883
0.0485788
0.0483306
0.0480806
0.0478318
0.0475844
0.0473387
0.047159
0.0471178
0.0470945
0.046852
0.0466133
0.046379
0.0461757
0.0459814
0.0457953
0.0456239
0.0454034
0.0452704
0.0451027
0.0449676
0.0447855
0.0445885
0.044379
0.0441541
0.0439423
0.0437192
0.0435021
0.0432923
0.043093
0.0428757
0.0426742
0.0424732
0.0422582
0.0420863
0.0419204
0.041715
0.0415158
0.041349
0.0412271
0.0410834
0.0409066
0.0407907
0.0406489
0.040472
0.040282
0.0401052
0.0399344
0.0397463
0.0395657
0.0393804
0.0392007
0.0390355
0.0388478
0.0386624
0.0384845
0.0383042
0.0381224
0.0379444
0.0377666
0.0375945
0.0374077
0.0372294
0.0370519
0.0368757
0.0366972
0.0365215
0.0363486
0.0362087
0.0360553
0.0358929
0.0357286
0.0355697
0.0354104
0.0352754
0.0351135
0.0349567
0.0347997
0.0346432
0.0344865
0.0343331
0.0341735
0.0340165
0.0338923
0.0337281
0.0335829
0.0334231
0.0332708
0.0331314
0.0330058
0.0328764
0.032727
0.0325934
0.0324479
0.0322922
0.0321446
0.0319949
0.0318605
0.0317144
0.0315665
0.031443
0.0313071
0.0311638
0.0310334
0.0308877
0.0307512
0.0306179
0.0304874
0.0303478
0.0302144
0.0300897
0.0299596
0.029836
0.0297098
0.0295726
0.0294389
0.0293136
0.0291834
0.0290635
0.0289508
0.0288202
0.0287087
0.0285952
0.028481
0.028369
0.028248
0.0281188
0.0279922
0.0278656
0.0277776
0.0276628
0.0275384
0.0274456
0.0273404
0.0272425
0.0271535
0.0270644
0.0269767
0.0268682
0.0267772
0.0266766
0.0265805
0.0264889
0.0263957
0.0262874
0.0261787
0.0260759
0.0259954
0.0258878
0.0258112
0.0257486
0.0256656
0.025584
0.0255003
0.0253869
0.0252914
0.025212
0.025123
0.0250693
0.0249812
0.0249148
0.024846
0.0247565
0.0246894
0.0246034
0.0245156
0.0244169
0.0243627
0.0242994
0.0242245
0.0241624
0.024093
0.0240344
0.0239387
0.0238616
0.0237978
0.0237066
0.0236357
0.023543
0.0234883
0.0234182
0.0233304
0.0232774
0.0231983
0.0230974
0.0230392
0.0229671
0.0228986
0.0228269
0.0227413
0.0226567
0.0225723
0.0224949
0.0224039
0.0223256
0.0222418
0.0221528
0.0220643
0.0219735
0.0218973
0.021821
0.021746
0.0216575
0.0215757
0.0214816
0.0213848
0.0212849
0.0212082
0.0211898
0.021186
0.0210902
0.0210012
0.0209062
0.0208294
0.0208122
0.0208091
0.0207179
0.0206277
0.0205557
0.0204741
0.020401
0.0203154
0.0202263
0.020138
0.0200463
0.0199652
0.0198981
0.019827
0.0197646
0.0196779
0.0196012
0.0195311
0.0194439
0.0193666
0.0192823
0.0192107
0.0191367
0.0190636
0.0190856
0.0190073
0.0189307
0.0188607
0.0187863
0.0188457
0.0187584
0.0186895
0.018619
0.0185478
0.0184868
0.018672
0.0185866
0.0185324
0.0184615
0.0183989
0.0183448
0.0182916
0.0182434
0.0181981
0.0181627
0.0181068
0.0180534
0.0179734
0.017903
0.0178394
0.0177696
0.0177005
0.017634
0.017577
0.0175209
0.0174658
0.017409
0.0173538
0.0173015
0.0172338
0.0171834
0.0171146
0.0170522
0.0169896
0.0169282
0.0168612
0.0168006
0.016746
0.0166874
0.0166236
0.0165577
0.0165
0.0164366
0.0163846
0.0163302
0.0162517
0.0161737
0.0160866
0.01612
0.0160592
0.0159905
0.0159208
0.0158549
0.0157966
0.0157247
0.0156512
0.015579
0.0155122
0.0154494
0.0153989
0.015353
0.0153073
0.01525
0.0151907
0.0151294
0.0150622
0.0149958
0.0149348
0.0148847
0.0148357
0.014788
0.0147275
0.0146682
0.0146198
0.0145663
0.014511
0.0144554
0.0143983
0.0143419
0.0142849
0.0142283
0.0141676
0.0141078
0.014048
0.013992
0.0139435
0.0138985
0.0138431
0.0137959
0.0137434
0.0136914
0.0136284
0.0135769
0.013526
0.0134732
0.0134234
0.0133756
0.0133201
0.01327
0.0132233
0.01316
0.0131029
0.0130448
0.012985
0.0129338
0.0128891
0.0128395
0.0127926
0.0127332
0.0126928
0.0126486
0.0125979
0.0125454
0.0124924
0.0124346
0.0123775
0.0123275
0.0122801
0.0122347
0.0121838
0.0121342
0.0120836
0.0120338
0.0119864
0.0119318
0.0118895
0.0118469
0.0118021
0.0117474
0.0117047
0.0116547
0.0116086
0.0115629
0.0115127
0.0114636
0.0114153
0.0113696
0.0113265
0.0112745
0.0112307
0.0111907
0.0111422
0.0111094
0.011066
0.0110219
0.0109751
0.0109304
0.0108883
0.0108397
0.0107946
0.0107507
0.0107064
0.0106635
0.0106209
0.010582
0.010547
0.0105109
0.0104688
0.0104249
0.0103812
0.0103412
0.0102991
0.0102564
0.0102115
0.010166
0.0101219
0.0100763
0.0100312
0.00998631
0.0099422
0.00989852
0.00985731
0.00981645
0.00977629
0.00973674
0.00969781
0.00965385
0.0096153
0.00957183
0.0095302
0.00948797
0.00944584
0.00940809
0.00936898
0.00933107
0.00929524
0.00926075
0.00922253
0.00918633
0.00915018
0.00911331
0.00907676
0.00903969
0.00900292
0.008964
0.00892827
0.00889276
0.0088546
0.0088165
0.0087789
0.00874143
0.00870354
0.00866529
0.00863406
0.00862972
0.00859227
0.00855598
0.00851963
0.00848655
0.00845207
0.0084194
0.0083865
0.0083516
0.00831692
0.00828212
0.00824999
0.0082165
0.00818372
0.00814912
0.00811753
0.00808545
0.00805295
0.0080207
0.00799156
0.00796409
0.00793427
0.00790679
0.00787738
0.00784314
0.00781402
0.00778098
0.00775764
0.0077524
0.00772402
0.00769584
0.00766869
0.007637
0.00760758
0.00757646
0.00754688
0.00751839
0.0074857
0.00745364
0.00742417
0.00739518
0.00736647
0.00733773
0.00731694
0.00729363
0.00726881
0.00724743
0.00722108
0.00719077
0.00716464
0.00714302
0.0071195
0.00709619
0.00707063
0.00704671
0.0070241
0.00700151
0.0069786
0.00695478
0.00693127
0.00690521
0.00688023
0.00685063
0.00682363
0.00679771
0.0067725
0.00675061
0.00672523
0.00670038
0.00667524
0.00664854
0.00662146
0.00659799
0.00657288
0.00654825
0.00652289
0.00649583
0.00647014
0.00644769
0.00641995
0.00639237
0.00636862
0.00634729
0.00632182
0.00629759
0.00627513
0.00625533
0.00623376
0.00621253
0.00618802
0.00616431
0.00614411
0.0061232
0.00610229
0.00607722
0.00605515
0.00603562
0.00601592
0.00599508
0.00597679
0.0059593
0.00593861
0.00591669
0.00589838
0.00587804
0.00585843
0.00583686
0.00581535
0.00579324
0.00577515
0.00575511
0.00573421
0.00571366
0.00569962
0.00568288
0.00566479
0.00564407
0.00562182
0.00559823
0.00557757
0.00555766
0.00553874
0.00551814
0.00549694
0.0054764
0.0054565
0.00543808
0.00541981
0.00539697
0.00537406
0.00535219
0.00532947
0.00530769
0.0053032
0.00530682
0.00528436
0.00526219
0.00523993
0.00521814
0.00519716
0.00517757
0.00516007
0.00514256
0.00512582
0.00510751
0.00509153
0.00507715
0.00506265
0.00504732
0.00503372
0.00502358
0.00501003
0.00499502
0.00497953
0.00496467
0.00495177
0.00493576
0.00492129
0.00490471
0.00488452
0.00486508
0.00484736
0.00483055
0.00481454
0.00480052
0.00478215
0.00476707
0.00474818
0.00473489
0.00471759
0.00470095
0.00468261
0.00466484
0.00464645
0.00462868
0.00461239
0.00459353
0.00457739
0.00456346
0.00454932
0.00453495
0.00452059
0.00450205
0.00448906
0.00447592
0.00446097
0.0044443
0.00443012
0.00441621
0.00440289
0.00438977
0.00437726
