0.640454
0.638883
0.638647
0.630205
0.629848
0.629569
0.629273
0.629043
0.628941
0.628789
0.6286
0.626742
0.626566
0.626257
0.626105
0.625962
0.625821
0.624173
0.62371
0.623035
0.622279
0.619705
0.613713
0.613117
0.612947
0.612853
0.611713
0.611286
0.609447
0.608813
0.608567
0.60839
0.607677
0.60581
0.603788
0.606458
0.60548
0.601082
0.600532
0.600247
0.600046
0.599844
0.599644
0.598845
0.598275
0.595109
0.594546
0.593919
0.59316
0.591353
0.590775
0.590285
0.589612
0.585596
0.578454
0.577696
0.573885
0.56676
0.563299
0.560386
0.559303
0.558988
0.558776
0.558118
0.555677
0.554825
0.552568
0.551318
0.549933
0.542965
0.540695
0.53811
0.537099
0.53345
0.532302
0.529716
0.529046
0.528919
0.528818
0.528702
0.528558
0.527893
0.525906
0.519786
0.519449
0.518818
0.518699
0.516779
0.514817
0.518044
0.517828
0.513567
0.507492
0.499589
0.494829
0.489299
0.486796
0.484879
0.483249
0.479843
0.479021
0.477848
0.476362
0.475139
0.473967
0.472256
0.469203
0.463904
0.455888
0.453185
0.45052
0.447635
0.445709
0.438849
0.437371
0.430384
0.423638
0.422571
0.415683
0.415016
0.413703
0.411862
0.405948
0.399324
0.398792
0.397714
0.393491
0.392252
0.388098
0.386706
0.385994
0.38551
0.383581
0.382764
0.382124
0.381667
0.375939
0.3744
0.369648
0.364512
0.359234
0.355305
0.35384
0.350514
0.350431
0.348923
0.350131
0.346544
0.34551
0.343361
0.342527
0.341996
0.341716
0.341569
0.341342
0.341305
0.341219
0.341198
0.339583
0.338587
0.338521
0.338539
0.338531
0.338469
0.338457
0.338345
0.338172
0.338012
0.337823
0.337517
0.337441
0.337292
0.335192
0.334143
0.333779
0.333739
0.333545
0.332982
0.331387
0.331314
0.331185
0.331143
0.328351
0.327057
0.327056
0.32668
0.326536
0.326508
0.324728
0.324538
0.324398
0.322661
0.322382
0.321355
0.321346
0.321363
0.321197
0.320827
0.320603
0.319125
0.318161
0.318145
0.31808
0.31776
0.313971
0.31368
0.310533
0.3104
0.307229
0.304668
0.304523
0.304191
0.304141
0.303727
0.300999
0.300344
0.300149
0.300088
0.300084
0.299861
0.29991
0.298298
0.29832
0.298296
0.298299
0.29664
0.296557
0.296209
0.294499
0.29439
0.294389
0.294265
0.294163
0.294053
0.289209
0.286282
0.281612
0.280199
0.279762
0.279458
0.278977
0.278632
0.276419
0.276275
0.271815
0.270822
0.269685
0.269395
0.269222
0.268994
0.268917
0.26866
0.267981
0.266999
0.264303
0.263344
0.262478
0.264174
0.263869
0.263639
0.26325
0.263018
0.258641
0.25769
0.258248
0.25787
0.257672
0.257497
0.257172
0.255964
0.255632
0.255479
0.25296
0.250506
0.250128
0.249354
0.249088
0.248846
0.247958
0.24771
0.247082
0.246804
0.246582
0.246147
0.245922
0.24563
0.245117
0.244931
0.244699
0.244458
0.24429
0.244099
0.2439
0.243648
0.243501
0.242711
0.241679
0.242647
0.24257
0.242219
0.242163
0.242084
0.241967
0.241812
0.24016
0.239791
0.239714
0.239605
0.239376
0.239137
0.239061
0.238973
0.2388
0.23866
0.238421
0.237297
0.236293
0.23404
0.232894
0.232533
0.232102
0.231678
0.230864
0.230397
0.229512
0.229386
0.229309
0.229191
0.228338
0.225058
0.224977
0.224775
0.224736
0.223465
0.22227
0.222203
0.221848
0.221672
0.22162
0.221527
0.220124
0.219356
0.217801
0.217735
0.217674
0.21756
0.217375
0.21699
0.216971
0.216772
0.215601
0.213928
0.212663
0.212269
0.211696
0.211592
0.21015
0.208516
0.206223
0.206159
0.206009
0.206006
0.205929
0.204396
0.204207
0.204143
0.204034
0.20393
0.203845
0.203794
0.203731
0.203657
0.203221
0.202161
0.202112
0.201501
0.201233
0.200273
0.1992
0.199095
0.198978
0.198917
0.198624
0.198574
0.198497
0.19838
0.196561
0.195876
0.192327
0.192166
0.190074
0.189788
0.186746
0.186246
0.186023
0.185831
0.182934
0.179621
0.178813
0.177736
0.176422
0.174616
0.171595
0.168641
0.168252
0.167459
0.166769
0.166046
0.164321
0.163366
0.16255
0.161975
0.161315
0.160836
0.160298
0.159494
0.158985
0.158227
0.157293
0.156827
0.156094
0.155517
0.155036
0.154616
0.154218
0.153794
0.153626
0.153364
0.152979
0.152643
0.15243
0.152176
0.151875
0.151557
0.151213
0.150905
0.150534
0.150123
0.149669
0.147578
0.147039
0.146559
0.145999
0.14551
0.143017
0.14205
0.141049
0.140128
0.139167
0.138432
0.137517
0.136778
0.13593
0.13521
0.132968
0.130795
0.128686
0.128269
0.127651
0.127248
0.12667
0.124651
0.123996
0.122099
0.121653
0.120444
0.118789
0.117305
0.116025
0.11573
0.115339
0.114674
0.114189
0.11367
0.113081
0.112662
0.112231
0.111733
0.111345
0.110982
0.110604
0.110212
0.109679
0.10804
0.106445
0.104955
0.104569
0.103572
0.103048
0.102746
0.102317
0.101882
0.101416
0.10108
0.100817
0.100549
0.100235
0.0997137
0.0983922
0.0970098
0.095977
0.095068
0.0939622
0.0930023
0.0921228
0.090895
0.0905837
0.0902803
0.0898906
0.0895888
0.0893326
0.0890221
0.0886837
0.0883037
0.088
0.0877064
0.087463
0.0872369
0.0862268
0.085074
0.0848147
0.0839445
0.0832712
0.0826802
0.0822571
0.0817767
0.0814908
0.0812571
0.0810551
0.0808414
0.0806591
0.0805166
0.0802207
0.0800945
0.0798538
0.079665
0.0790481
0.0787713
0.0781108
0.0776796
0.0767784
0.0759024
0.0755836
0.0753678
0.0746637
0.0743808
0.0742001
0.0740826
0.0739508
0.0737896
0.0735936
0.073427
0.0732793
0.0730965
0.0729663
0.072393
0.0721548
0.0719799
0.071337
0.0710472
0.0708233
0.0706206
0.069838
0.0696964
0.0690238
0.0684571
0.0676912
0.066998
0.0663047
0.0660191
0.0656302
0.0651107
0.0645246
0.0639858
0.0637577
0.0636188
0.0635063
0.0633581
0.06325
0.0631247
0.0628896
0.0630475
0.0629144
0.0627863
0.062696
0.0624708
0.0622938
0.0620515
0.061949
0.0618119
0.0615736
0.0613055
0.0611003
0.060569
0.0604744
0.0602062
0.0598097
0.0594237
0.0590056
0.0585255
0.0580945
0.0575637
0.0570064
0.0565672
0.0561367
0.0557042
0.0553562
0.0549469
0.0545693
0.0541252
0.0537749
0.053586
0.0529833
0.0524381
0.0522403
0.0519399
0.0517912
0.05158
0.0512755
0.0509507
0.0505866
0.0502408
0.0499883
0.0497058
0.0495073
0.0492792
0.0491577
0.0489528
0.0487929
0.0484933
0.0483432
0.0479647
0.0477677
0.0477119
0.047679
0.0474836
0.0474136
0.0473274
0.0472318
0.047159
0.0471266
0.0471159
0.0471012
0.04703
0.0470193
0.0469904
0.0469934
0.0469751
0.0468688
0.0464286
0.0463809
0.0463429
0.0462967
0.0462375
0.0461985
0.0461342
0.0460536
0.0459633
0.0459095
0.0458621
0.0458186
0.0455825
0.0450643
0.0448801
0.04489
0.0446242
0.044478
0.0442691
0.0441554
0.0439368
0.0438462
0.0436397
0.0433651
0.0431849
0.0430501
0.0428794
0.0427339
0.0422653
0.0419188
0.0415695
0.0411425
0.0408784
0.0404682
0.0403204
0.0400968
0.0396997
0.0393741
0.0392532
0.038973
0.0385571
0.0381852
0.0379874
0.0376019
0.0372082
0.0369113
0.0365614
0.0364455
0.036251
0.0361413
0.0359612
0.0356398
0.0352767
0.03492
0.0348434
0.0347732
0.0347528
0.0346978
0.0344624
0.0344412
0.0344434
0.0342294
0.0342494
0.0342285
0.0342188
0.034175
0.0341466
0.0341319
0.034004
0.03378
0.033655
0.0335615
0.0334047
0.0332323
0.0329178
0.0328166
0.032485
0.032364
0.0321559
0.032019
0.0319145
0.031791
0.0316857
0.0315623
0.0314554
0.0318747
0.0315542
0.0312332
0.0309441
0.0306555
0.0303547
0.0302432
0.0300521
0.0299213
0.0298034
0.0298897
0.0296016
0.0293824
0.0291844
0.0290934
0.0288969
0.0286642
0.0283853
0.0281813
0.0279099
0.0278228
0.0276603
0.0274053
0.0271447
0.0269274
0.0266741
0.0264317
0.0261912
0.0259811
0.0257442
0.0255081
0.025283
0.0251888
0.0252203
0.0250445
0.0248777
0.0248025
0.0247197
0.0246378
0.0246679
0.0245934
0.0244675
0.0243036
0.0241509
0.0240636
0.0238473
0.0237464
0.0237267
0.0235596
0.0233985
0.0232176
0.0231463
0.0230311
0.0229609
0.0228529
0.0227821
0.0227061
0.0226297
0.0225553
0.0224811
0.0226691
0.0224788
0.0224092
0.0223005
0.0222326
0.0221578
0.0220849
0.0220107
0.0219388
0.0221281
0.0219589
0.0218909
0.0218051
0.0217313
0.0217606
0.0216935
0.0214987
0.0213509
0.0212005
0.0210475
0.0209086
0.0207849
0.0206026
0.020514
0.0204221
0.0203465
0.0202894
0.0201213
0.0199571
0.0197907
0.0196318
0.0194826
0.0193164
0.0191531
0.0190066
0.0189459
0.0188696
0.018714
0.018563
0.0184328
0.0182984
0.0181467
0.0180083
0.0178752
0.0177305
0.0175971
0.0174606
0.0173956
0.0173504
0.0172866
0.0172343
0.0171032
0.0169655
0.0168342
0.016702
0.016601
0.0165388
0.0164743
0.0163438
0.0162198
0.0160936
0.0160441
0.0159898
0.0159357
0.0158821
0.0158295
0.0160422
0.0159143
0.0158701
0.0158277
0.0157469
0.0156221
0.0155653
0.0154841
0.0154106
0.0153199
0.0152342
0.0151547
0.0151062
0.0150116
0.0148949
0.0147875
0.0147665
0.0147413
0.0146274
0.0146031
0.0145575
0.01449
0.0143781
0.0143162
0.0143533
0.0143289
0.0143044
0.0142747
0.0142359
0.0142086
0.0141758
0.0141227
0.0141031
0.0140781
0.0140593
0.0140232
0.0140035
0.0139359
0.0138734
0.0138064
0.0137184
0.0136753
0.0136393
0.0135803
0.0135386
0.013554
0.0134477
0.0133967
0.0133423
0.0132929
0.0132412
0.0131906
0.0131357
0.0132519
0.0131491
0.0130455
0.0129897
0.0129385
0.0128878
0.0128454
0.0128026
0.0130238
0.0129812
0.0129355
0.0128336
0.0127315
0.0126847
0.0126344
0.0125862
0.0125378
0.012489
0.0124403
0.0123916
0.0123437
0.0122959
0.0122558
0.0122083
0.0121605
0.0126271
0.012523
0.0124767
0.0124437
0.0123455
0.012251
0.0121669
0.012068
0.0119702
0.0119557
0.0118709
0.0117814
0.0116937
0.0116572
0.0116154
0.0115227
0.0114312
0.0113956
0.0113537
0.0112888
0.0112566
0.0111983
0.0111637
0.0111137
0.0110728
0.0110271
0.0109404
0.0108938
0.0108511
0.0108731
0.0108032
0.0107635
0.0107224
0.0107227
0.0106483
0.0106089
0.0105653
0.010527
0.010486
0.0104834
0.0104449
0.010405
0.0104071
0.0103684
0.0103288
0.0102888
0.0102487
0.0102086
0.0101691
0.0101298
0.0100911
0.0103253
0.0102417
0.0102001
0.0101177
0.0100397
0.0100044
0.00992447
0.00984831
0.00982746
0.00980803
0.00980144
0.00980437
0.00981002
0.009823
