0.332435
0.332097
0.331997
0.331719
0.331539
0.330065
0.329911
0.329718
0.329568
0.329191
0.328852
0.328617
0.328376
0.328256
0.328102
0.327947
0.327859
0.327642
0.327449
0.327252
0.327202
0.32706
0.326858
0.326611
0.326093
0.325781
0.325637
0.325275
0.324244
0.321063
0.320961
0.320885
0.31933
0.317588
0.313571
0.311337
0.308541
0.307685
0.306624
0.305682
0.305186
0.303865
0.302983
0.302184
0.300695
0.299878
0.29898
0.29813
0.296722
0.295609
0.294391
0.293152
0.292067
0.290689
0.289531
0.287907
0.286606
0.285746
0.284813
0.282114
0.277792
0.276087
0.275009
0.274164
0.27255
0.270647
0.268281
0.265663
0.26311
0.260162
0.257076
0.254069
0.251199
0.248392
0.246461
0.245411
0.244378
0.244052
0.243681
0.243326
0.24301
0.24275
0.242097
0.242102
0.239156
0.237371
0.237112
0.236869
0.236054
0.235641
0.235475
0.235248
0.234951
0.232734
0.230843
0.228691
0.226824
0.22628
0.225536
0.225081
0.224549
0.22146
0.218396
0.217609
0.216893
0.217336
0.216024
0.214587
0.212651
0.211041
0.210514
0.210161
0.209515
0.209772
0.209675
0.20902
0.209284
0.209033
0.208645
0.208131
0.20728
0.206166
0.205653
0.20474
0.203549
0.203119
0.20249
0.202978
0.202649
0.202441
0.202182
0.201938
0.201816
0.201791
0.201618
0.201451
0.201175
0.200896
0.20043
0.200244
0.199852
0.199536
0.19913
0.198796
0.198682
0.198326
0.198089
0.197844
0.197018
0.196654
0.195263
0.193977
0.193392
0.190824
0.188386
0.186797
0.184328
0.181875
0.180657
0.18007
0.178722
0.178619
0.177556
0.177382
0.177293
0.177188
0.177133
0.176985
0.176871
0.176799
0.176795
0.176708
0.176548
0.176367
0.176267
0.176131
0.175513
0.175394
0.175297
0.175278
0.175208
0.175119
0.175098
0.175097
0.175039
0.174955
0.174862
0.174752
0.174645
0.174642
0.174652
0.174547
0.174526
0.174416
0.174316
0.174176
0.174046
0.174031
0.174025
0.173882
0.173814
0.173599
0.17346
0.173377
0.173167
0.173061
0.172935
0.172748
0.172743
0.1724
0.172427
0.172381
0.169806
0.167298
0.164853
0.164474
0.164116
0.163834
0.16346
0.163393
0.163403
0.163251
0.163137
0.163066
0.162998
0.16295
0.162906
0.162849
0.162823
0.162716
0.16252
0.162369
0.162084
0.162112
0.161699
0.161616
0.161476
0.161492
0.16143
0.161402
0.161428
0.161435
0.161371
0.161386
0.161252
0.161278
0.161081
0.16097
0.161075
0.160912
0.160725
0.160645
0.160548
0.160471
0.160394
0.160119
0.160012
0.159877
0.159816
0.159575
0.159459
0.159311
0.159199
0.159091
0.159018
0.158998
0.158859
0.158732
0.158748
0.158577
0.15833
0.158044
0.157789
0.15746
0.157009
0.156733
0.156419
0.156248
0.155954
0.155793
0.155746
0.155632
0.155654
0.155536
0.155576
0.155587
0.155453
0.155224
0.154941
0.154445
0.15433
0.153939
0.153645
0.153301
0.152761
0.152364
0.152134
0.151999
0.152016
0.151833
0.151588
0.151494
0.151423
0.151294
0.151119
0.150243
0.15023
0.150118
0.150083
0.150006
0.149957
0.149945
0.149918
0.149582
0.149475
0.149399
0.149145
0.148948
0.148925
0.14882
0.148176
0.147827
0.147438
0.147364
0.147457
0.144869
0.14236
0.139948
0.137591
0.135305
0.133086
0.132876
0.132183
0.130927
0.129712
0.128333
0.127674
0.127483
0.127316
0.127256
0.126513
0.126285
0.126217
0.126281
0.126243
0.126126
0.125999
0.125664
0.125417
0.124902
0.124581
0.124403
0.124117
0.123794
0.123434
0.123125
0.122632
0.122175
0.121625
0.119668
0.119607
0.119512
0.119452
0.119432
0.119449
0.119295
0.118876
0.118807
0.118442
0.118438
0.118047
0.117738
0.117269
0.116812
0.116515
0.115944
0.115233
0.114817
0.1143
0.113846
0.113254
0.112653
0.112076
0.111472
0.110925
0.110295
0.110062
0.110027
0.109951
0.109892
0.109571
0.10951
0.109435
0.109338
0.109285
0.109174
0.108919
0.108818
0.108699
0.108403
0.108256
0.108066
0.107924
0.107753
0.107645
0.107611
0.107286
0.107186
0.106948
0.106835
0.106717
0.106626
0.106172
0.106055
0.106085
0.105936
0.105753
0.105559
0.105273
0.105141
0.104916
0.104944
0.104972
0.104933
0.104765
0.104812
0.104588
0.104548
0.104472
0.104535
0.10435
0.104291
0.104252
0.103617
0.103612
0.103616
0.103333
0.103222
0.103102
0.10315
0.103042
0.103036
0.102776
0.102646
0.102549
0.102488
0.102135
0.101909
0.101639
0.101633
0.101688
0.101389
0.101369
0.0995978
0.0978852
0.0976269
0.0974861
0.0971251
0.0967449
0.0964536
0.0963783
0.0961752
0.0955039
0.0946987
0.0946195
0.0946261
0.0946536
0.0946224
0.0947316
0.0946339
0.0945453
0.0945375
0.0944973
0.094435
0.0943816
0.094351
0.0943465
0.0944306
0.0938841
0.0939195
0.0939693
0.0939565
0.0939209
0.0938714
0.093911
0.0938316
0.0937695
0.0936853
0.09374
0.0935112
0.0932593
0.0927807
0.0922204
0.0916654
0.0911312
0.0907456
0.0904554
0.09018
0.0902383
0.0901932
0.0902239
0.0901444
0.0901442
0.0901211
0.0900733
0.0900118
0.0899968
0.089841
0.0897418
0.0896659
0.0895781
0.0895278
0.0894509
0.0894026
0.0892316
0.0891236
0.0890404
0.0888636
0.0888087
0.0886992
0.0885987
0.0884583
0.0884052
0.0881686
0.0879639
0.0878865
0.0876508
0.0875558
0.0874723
0.0874643
0.0873606
0.0872908
0.0872398
0.087239
0.0871401
0.0870107
0.0867121
0.0867169
0.086006
0.0855265
0.0853761
0.0852243
0.084898
0.0846372
0.0846365
0.0844824
0.0843409
0.084185
0.0839878
0.0839388
0.0837636
0.0836864
0.0837197
0.0836941
0.0836959
0.0832141
0.0831271
0.0827944
0.0824481
0.0821808
0.0812724
0.0811292
0.0809187
0.080498
0.0802545
0.0801465
0.0800868
0.0799981
0.0797963
0.0796071
0.0794386
0.0792781
0.0787276
0.078608
0.0784373
0.0782595
0.078046
0.0779128
0.0778267
0.0776664
0.0775754
0.0771576
0.0770331
0.0768693
0.0767402
0.0766573
0.07654
0.0763507
0.0761553
0.0759784
0.0758147
0.0755674
0.0754525
0.075259
0.0750607
0.0749247
0.0746662
0.0744586
0.0742335
0.0740829
0.0740037
0.0738647
0.0736397
0.0733893
0.0731805
0.0729627
0.0728639
0.0726988
0.0724562
0.072234
0.0720067
0.0717508
0.0713706
0.0711588
0.0700667
0.0698466
0.0696479
0.0695636
0.0695129
0.0694236
0.0693274
0.0693145
0.069234
0.0692243
0.0692453
0.0691816
0.0691908
0.0691504
0.0691395
0.0691201
0.0691404
0.0691504
0.0691198
0.069206
0.0687657
0.0688326
0.0688165
0.0686566
0.0686746
0.0687285
0.0686443
0.0686093
0.0686388
0.0687442
0.0686891
0.0686033
0.0685563
0.0684854
0.068429
0.0683916
0.0684127
0.0684325
0.0683143
0.0681768
0.0680486
0.0680255
0.0677509
0.067637
0.067543
0.0674289
0.0674074
0.0673864
0.0674314
0.0672969
0.0673413
0.0673203
0.0671264
0.0669491
0.0667818
0.0666046
0.066483
0.0664482
0.0664526
0.0662828
0.0661523
0.0660724
0.0660449
0.0658585
0.0657887
0.0655881
0.0654106
0.0653363
0.0652281
0.0651599
0.0651038
0.0649545
0.0649812
0.064923
0.0648717
0.0647994
0.0646617
0.0644663
0.0644016
0.0642547
0.0642497
0.0640642
0.0639343
0.0638576
0.063769
0.0636623
0.0636678
0.0636026
0.063581
0.0636243
0.0632352
0.0631529
0.0629855
0.062901
0.0627984
0.0626667
0.0626197
0.0625065
0.0623725
0.0623031
0.0622635
0.0622261
0.0621552
0.0621345
0.062119
0.0620824
0.0620294
0.0620134
0.0619254
0.0619579
0.061815
0.06174
0.0616816
0.0613483
0.0611514
0.0610174
0.0609027
0.0607867
0.0606848
0.0606417
0.0606285
0.060491
0.060445
0.0603597
0.0603781
0.0602793
0.0598441
0.0598784
0.05992
0.0598568
0.0598304
0.0598656
0.0598133
0.0597057
0.0596109
0.0595679
0.059466
0.05921
0.0590779
0.0588635
0.0587265
0.0587185
0.057545
0.0564489
0.0553713
0.0550831
0.0549721
0.0547883
0.0545521
0.054469
0.0543072
0.0542137
0.0541697
0.0539331
0.0538801
0.0538474
0.0538227
0.0536404
0.0536876
0.0536281
0.0535506
0.0532788
0.053041
0.0529886
0.0529068
0.0524789
0.0521127
0.0518347
0.0516829
0.0512703
0.0508556
0.0505726
0.0502889
0.049911
0.0488834
0.0487238
0.04789
0.0476804
0.0475155
0.0474741
0.0474951
0.0471107
0.0467704
0.0463273
0.0460403
0.0455996
0.0451463
0.0448293
0.0444278
0.0441092
0.0438488
0.0435942
0.0434521
0.0431554
0.0426736
0.0425178
0.0424879
0.0418698
0.0416987
0.0416694
0.0410918
0.0403391
0.0401928
0.0396436
0.0394989
0.039348
0.0392005
0.0390507
0.0389043
0.0389685
0.0388636
0.0384663
0.0380286
0.0378205
0.0377234
0.0376111
0.037246
0.0372438
0.0371679
0.0370698
0.036954
0.0369135
0.036904
0.0365812
0.0362565
0.0358789
0.0358841
0.0357636
0.0356632
0.0356189
0.0355279
0.0355061
0.0354081
0.0352973
0.035307
0.0352714
0.0351976
0.0351793
0.0352073
0.0351911
0.0349588
0.0349862
0.0349916
0.0350188
0.0349522
0.0351043
0.0351512
0.0351649
0.0351876
0.0351766
0.0351073
0.0351421
0.0349476
0.0348685
0.0347211
0.0345609
0.0345032
0.0344189
0.0344134
0.0343683
0.0343065
0.0342477
0.0341835
0.0338846
0.033839
0.0338669
0.0338567
0.0338327
0.0338479
0.0338234
0.0338604
0.0338971
0.0339368
0.033939
0.0339357
0.0336056
0.0336431
0.0331184
0.0327399
0.0323509
0.0321137
0.0320445
0.0319534
0.031405
0.0314167
0.0313502
0.0309909
0.0309271
0.0309364
0.0308751
0.0308758
0.0309043
0.0309184
0.0309476
0.0309587
0.030981
0.0309637
0.0309567
0.030909
0.0308408
0.0308451
0.0308521
0.0309172
0.0309602
0.0309639
0.0309015
0.0305742
0.0305123
0.0304418
0.0300858
0.0299745
0.0295517
0.0294323
0.0293277
0.0290701
0.0286263
0.0282932
0.028144
0.027717
0.027412
0.0269806
0.0265599
0.026141
0.0257624
0.0255784
0.0251929
0.0248935
0.0245324
0.0241787
0.0238485
0.0235916
0.0234598
0.0232351
0.0229595
0.0227117
0.0224911
0.0222227
0.0219922
0.0217401
0.0214954
0.0212417
0.0209711
0.0207191
0.0204649
0.020236
0.0199837
0.0197412
0.0195115
0.0192862
0.0190741
0.0188473
0.0186302
0.0184228
0.0182132
0.0180104
0.017807
0.0176425
0.0175637
0.017469
0.0173931
0.0172176
0.0170471
0.0168711
0.0167032
0.016525
0.0163545
0.0161962
0.0160387
0.0158749
0.0157271
0.0155773
0.0154442
0.0152918
0.0151464
0.0149989
0.0148535
0.0147231
0.0145857
0.014461
0.0143352
0.0142161
0.0140922
0.0139717
0.0138472
0.0137211
0.0136078
0.0134993
0.0134542
0.0134201
0.0133363
