0.326675
0.321943
0.317315
0.312809
0.308419
0.304127
0.299946
0.295862
0.291881
0.288001
0.284203
0.28051
0.276888
0.273338
0.269872
0.266484
0.263139
0.259928
0.256733
0.25362
0.250552
0.247544
0.244595
0.241708
0.238877
0.236102
0.233384
0.230725
0.228109
0.22554
0.223023
0.220552
0.218125
0.215743
0.213406
0.211117
0.208861
0.206649
0.204472
0.202338
0.200239
0.19818
0.196238
0.194452
0.192511
0.190588
0.188693
0.186827
0.184994
0.183192
0.181499
0.179872
0.178171
0.176493
0.174883
0.173264
0.171671
0.17009
0.168535
0.167011
0.165487
0.163991
0.162515
0.161055
0.159622
0.158217
0.156827
0.155477
0.154133
0.152877
0.15164
0.150372
0.149087
0.147832
0.146598
0.145373
0.144194
0.143014
0.141903
0.140745
0.139603
0.138472
0.137347
0.136243
0.135159
0.13408
0.133025
0.131981
0.130943
0.129927
0.128913
0.127917
0.12692
0.125947
0.124986
0.124035
0.123092
0.122158
0.121724
0.121235
0.12033
0.119428
0.11854
0.117666
0.116802
0.115936
0.115078
0.114234
0.113403
0.112569
0.111744
0.110933
0.110127
0.109337
0.10855
0.107774
0.107005
0.106254
0.105519
0.104778
0.104041
0.103324
0.102609
0.101899
0.101191
0.100496
0.0998302
0.0991981
0.0986175
0.097951
0.0972892
0.0966367
0.095986
0.0953394
0.0947016
0.0941348
0.0935431
0.0929255
0.0923137
0.0917078
0.0911077
0.0905261
0.0899508
0.0893726
0.0887935
0.088224
0.0876602
0.0871009
0.0865492
0.0860045
0.0854608
0.0849191
0.0843852
0.0838588
0.0833336
0.0828154
0.0823031
0.0817938
0.0812892
0.08079
0.0802923
0.0798154
0.0793626
0.0789174
0.0784642
0.0780075
0.077536
0.0770743
0.0766562
0.076288
0.075911
0.0755012
0.0750774
0.0746835
0.0742495
0.0738391
0.0734744
0.0731067
0.0727872
0.0724344
0.0721044
0.0717634
0.0713547
0.0709526
0.070598
0.070213
0.0698847
0.0695548
0.0693092
0.0692032
0.068854
0.06857
0.0681974
0.067895
0.0675153
0.067217
0.0669075
0.0665416
0.0661925
0.0658304
0.0654942
0.0652112
0.0648958
0.0645511
0.0642283
0.0639006
0.0635946
0.0633222
0.0630631
0.0627372
0.0623899
0.0621047
0.0618542
0.0615804
0.061306
0.0610608
0.060801
0.0605496
0.0602521
0.0599893
0.0597115
0.0594391
0.0591564
0.0588467
0.058549
0.0583159
0.0581031
0.0578292
0.0576001
0.0573122
0.0570102
0.0567141
0.0564759
0.0561968
0.0559107
0.0556461
0.0553921
0.0551343
0.0548429
0.0545587
0.0542928
0.0540116
0.0537322
0.0534637
0.0532081
0.0529574
0.0527009
0.0524567
0.0522022
0.0519349
0.0516717
0.0514229
0.0511551
0.0509013
0.0506531
0.0504079
0.0501531
0.0498985
0.0496473
0.0493989
0.0491499
0.048903
0.0486627
0.0484201
0.048174
0.0479346
0.047702
0.0474895
0.0472808
0.0470698
0.0468424
0.0466585
0.0464494
0.0462212
0.0460102
0.0457998
0.0456111
0.0453961
0.0451823
0.0449676
0.0447481
0.0445338
0.044325
0.04411
0.043895
0.0436799
0.0434671
0.0432544
0.0430434
0.0428347
0.0426263
0.0424217
0.0422151
0.0420089
0.0418035
0.0415994
0.0413966
0.0411951
0.0409949
0.0407956
0.0405976
0.0404008
0.040206
0.0400141
0.0398699
0.0398333
0.0396439
0.0394584
0.0392686
0.03908
0.0389008
0.0387163
0.0385318
0.0383481
0.0381729
0.0380018
0.0378309
0.0376599
0.0374811
0.0373037
0.0371265
0.0369502
0.0367758
0.0366018
0.0364287
0.0362567
0.0360858
0.0359155
0.0357463
0.0355779
0.0354104
0.0352442
0.0350791
0.0349147
0.0347514
0.0345895
0.0344282
0.0342678
0.0341082
0.0339495
0.0337928
0.0336361
0.0334802
0.0333251
0.0331711
0.033018
0.0328659
0.0327145
0.0325635
0.0324146
0.0322659
0.0321185
0.0319716
0.0318255
0.0316801
0.0315374
0.0313968
0.0312578
0.0311161
0.0309757
0.0308361
0.0306976
0.0305597
0.0304222
0.0302848
0.0301479
0.0300118
0.0298762
0.0297413
0.0296072
0.0294738
0.0293711
0.0293476
0.029341
0.0292089
0.0290777
0.0289475
0.0288186
0.0286918
0.0285649
0.0284388
0.028314
0.0281919
0.0280711
0.0279473
0.0278269
0.0277047
0.0275822
0.0274602
0.0273383
0.027217
0.0270966
0.0269773
0.0268589
0.0267404
0.0266224
0.026505
0.0263881
0.0262731
0.0261583
0.0260451
0.0259335
0.0258219
0.0257121
0.0256023
0.0254921
0.0253875
0.0252787
0.025169
0.0250606
0.0249522
0.0248445
0.0247378
0.0246318
0.0245255
0.0244194
0.0243144
0.0242097
0.0241053
0.0240013
0.0238985
0.0237963
0.0236939
0.0235921
0.023491
0.0233903
0.0232915
0.0231923
0.0230936
0.0229959
0.0228984
0.0228006
0.022705
0.0226095
0.0225146
0.0224197
0.0223253
0.0222311
0.0221376
0.0220443
0.0219515
0.0218595
0.0217676
0.021676
0.0215848
0.021494
0.0214037
0.0213135
0.0212239
0.0211349
0.0210468
0.0209586
0.0208712
0.0207842
0.0206978
0.0206118
0.0205263
0.0204407
0.020355
0.0202701
0.0201853
0.0201012
0.0200173
0.0199338
0.0198512
0.0197687
0.0196863
0.0196043
0.0195227
0.0194417
0.0193611
0.0192812
0.0192013
0.019122
0.0190432
0.0189647
0.0188866
0.0188083
0.0187304
0.018653
0.0185769
0.0185012
0.0184301
0.0183556
0.0182819
0.0182068
0.0181322
0.0180602
0.0179871
0.0179137
0.0178403
0.0177681
0.0176957
0.0176246
0.0175558
0.0174851
0.0174148
0.0173446
0.0172748
0.0172048
0.0171352
0.017066
0.0169974
0.016929
0.0168609
0.016793
0.016725
0.0166578
0.0165919
0.0165274
0.0164624
0.0163961
0.0163302
0.0162663
0.0162081
0.016145
0.0160812
0.0160176
0.0159534
0.0158911
0.0158308
0.0157695
0.0157077
0.0156465
0.0155843
0.0155229
0.0154619
0.0154008
0.0153407
0.0152806
0.01522
0.0151611
0.0151018
0.0150445
0.0149869
0.0149334
0.0148766
0.0148182
0.0147625
0.0147071
0.0146505
0.0145947
0.0145377
0.0144816
0.0144297
0.0143754
0.0143199
0.0142643
0.0142097
0.0141566
0.0141019
0.0140475
0.0139934
0.013945
0.0138998
0.0138528
0.0138023
0.0137563
0.013707
0.0136607
0.0136111
0.0135652
0.0135206
0.0134791
0.0134278
0.0133793
0.0133382
0.0132928
0.0132505
0.0132
0.0131479
0.0131008
0.0130888
0.0130959
0.0130443
0.012993
0.0129427
0.0128964
0.0128858
0.0128917
0.0128422
0.0127928
0.0127437
0.0126948
0.0126488
0.0126024
0.0125542
0.0125106
0.0124631
0.0124156
0.012369
0.0123242
0.0122808
0.012233
0.0121886
0.0121451
0.0120981
0.0120523
0.0120073
0.011961
0.011915
0.0118709
0.0118765
0.011832
0.0117882
0.0117451
0.0117011
0.0117417
0.0116954
0.011653
0.0116105
0.0115669
0.0115297
0.0116503
0.0116127
0.0115668
0.0115208
0.0114757
0.0114368
0.0113962
0.011354
0.0113134
0.011274
0.0112399
0.0111984
0.011155
0.0111114
0.0110698
0.0110282
0.0109867
0.0109448
0.0109038
0.0108612
0.0108191
0.0107772
0.010735
0.0106932
0.0106514
0.01061
0.0105683
0.0105269
0.0104863
0.0104455
0.0104051
0.0103644
0.0103241
0.0102838
0.0102435
0.0102037
0.0101636
0.0101237
0.0100847
0.0100464
0.0100067
0.00996726
0.0099263
0.0099328
0.00989749
0.00986069
0.0098227
0.00978647
0.0097498
0.00971187
0.00967479
0.00963745
0.0096004
0.00956528
0.00953011
0.00949373
0.00945718
0.00942076
0.00938471
0.00934904
0.0093125
0.00927714
0.00924189
0.00920854
0.00917721
0.00914821
0.00911453
0.0090818
0.00904931
0.00901592
0.00898187
0.00894926
0.00891595
0.00888178
0.00884818
0.00881475
0.00878095
0.00874791
0.00871525
0.00868241
0.00864953
0.00861723
0.00858471
0.00855241
0.00851986
0.00848772
0.00845614
0.00842397
0.00839148
0.00835966
0.00832854
0.00829718
0.00826558
0.00823389
0.00820243
0.00817072
0.00813965
0.0081086
0.00807759
0.00804667
0.00801592
0.0079852
0.00795482
0.00792536
0.00789712
0.00786807
0.00783852
0.00780876
0.00777907
0.00774935
0.00771979
0.00769059
0.00766161
0.00763267
0.00760363
0.00757473
0.00754611
0.00751777
0.00748947
0.00746101
0.0074331
0.00740559
0.00737813
0.00735027
0.0073227
0.00729597
0.00726886
0.00724177
0.00721466
0.00718762
0.00716067
0.00713391
0.00710738
0.00708049
0.00705402
0.00702775
0.00700179
0.00697806
0.00695262
0.00692676
0.00690067
0.00687481
0.00684925
0.00682381
0.00679849
0.00677345
0.00674851
0.00672352
0.00669907
0.00667519
0.00665149
0.00662773
0.00660322
0.00657837
0.00655378
0.00653037
0.00650679
0.00648303
0.00645886
0.00643465
0.00641057
0.00638655
0.00636264
0.00633882
0.00631512
0.00629155
0.00626814
0.00624483
0.0062217
0.00619864
0.00617562
0.00615261
0.00612979
0.00610699
0.00608427
0.00606164
0.00603912
0.00601798
0.00599591
0.00597373
0.00595168
0.00592973
0.00590779
0.00588596
0.0058642
0.00584256
0.00582096
0.00579947
0.00577806
0.00575672
0.00573554
0.0057144
0.00569332
0.00567234
0.00565143
0.00563059
0.00560983
0.00558912
0.00556911
0.00556874
0.00554819
0.0055277
0.00550739
0.00548758
0.00546761
0.00544788
0.00542812
0.00540845
0.00538893
0.00536941
0.00535008
0.00533072
0.00531136
0.00529186
0.0052724
0.00525301
0.00523369
0.00521447
0.00519538
0.00517645
0.00515759
0.00513879
0.00512001
0.00510125
0.00508263
0.00506404
0.0050486
0.00504556
0.00502714
0.00500879
0.00499052
0.00497232
0.00495418
0.00493608
0.00491808
0.00490014
0.00488228
0.00486444
0.00484675
0.00482911
0.00481157
0.0047941
0.00477693
0.00475968
0.0047425
0.00472586
0.00470893
0.00469187
0.00467511
0.00465848
0.00464203
0.00462551
0.00460896
0.00459252
0.00457615
0.00455997
0.00454376
0.00452755
0.00451145
0.00449541
0.00447958
0.00446405
0.00444805
0.00443225
0.00441635
0.00440057
0.00438485
0.00436913
0.00435346
0.0043378
0.00432223
0.00430672
0.00429123
0.00427585
0.00426054
0.00424519
0.00422989
0.00421468
0.0041995
0.00418439
0.00416943
0.00415456
0.00413976
0.00412494
0.00411032
0.0040957
0.00408111
0.00406655
0.00405209
0.00403765
0.00402329
0.00400898
0.00399465
0.00398032
0.0039661
0.00395229
0.00393835
0.00392435
0.00391054
0.00389682
0.00388306
0.00386925
0.0038557
0.0038424
0.00382907
0.00381557
0.00380223
0.00378882
0.00377584
0.00376254
0.00374923
0.00373638
0.0037242
0.00371121
0.00369826
0.00368519
0.00367216
0.00365925
0.00364638
0.00363348
0.0036207
0.00360791
0.00359514
0.00358244
0.00356982
0.00355722
0.00354471
0.00353237
0.00351994
0.00350757
0.00349507
0.00348096
0.0034781
0.0034826
0.00347016
0.00345778
0.00344543
0.00343313
0.00342089
0.00340894
0.00339726
0.00338544
0.00337356
0.00336162
0.00335008
0.00333888
0.00332795
0.00331711
0.00330658
0.00329618
0.00328513
0.00327403
0.00326287
0.00325191
0.00324085
0.00322973
0.0032185
0.00320722
0.00319586
0.00318455
0.00317335
0.00316219
0.00315109
0.00314009
0.0031291
0.00311846
0.0031078
0.00309747
0.00308661
0.00307569
0.00306501
0.00305422
0.00304358
0.00303292
0.00302245
0.00301174
0.00300119
0.0029907
0.00298019
0.00296972
0.00295924
0.00294878
0.00293846
0.00292827
0.0029181
0.00290791
0.00289774
0.00288758
0.00287749
0.00286741
0.00285741
