0.332729
0.332344
0.332084
0.332024
0.331939
0.330911
0.331687
0.331496
0.331209
0.330858
0.330697
0.330393
0.329922
0.328892
0.329531
0.328436
0.328268
0.328034
0.32779
0.326906
0.326487
0.325605
0.325442
0.325403
0.325268
0.32474
0.319863
0.315622
0.310994
0.306686
0.303369
0.300266
0.298668
0.297392
0.295916
0.295222
0.293965
0.293333
0.292971
0.292472
0.292188
0.291816
0.291396
0.290835
0.289801
0.290066
0.289021
0.287611
0.284903
0.280574
0.276307
0.274213
0.273687
0.271202
0.267702
0.264519
0.26064
0.260191
0.259666
0.259376
0.258454
0.257454
0.259138
0.258769
0.258467
0.258425
0.258366
0.257974
0.25779
0.257683
0.257461
0.257154
0.255042
0.254824
0.254598
0.254502
0.253585
0.250661
0.246908
0.245989
0.246385
0.245863
0.245525
0.242049
0.238819
0.238068
0.235509
0.234775
0.234662
0.234387
0.234002
0.23381
0.233738
0.233487
0.233148
0.232904
0.232744
0.232452
0.232252
0.232001
0.23161
0.231179
0.230864
0.230383
0.229966
0.229604
0.229193
0.228826
0.228577
0.228335
0.227987
0.227269
0.226006
0.224193
0.222438
0.22176
0.220907
0.221942
0.221561
0.221242
0.220999
0.220513
0.220096
0.219742
0.219481
0.218825
0.218604
0.218563
0.218471
0.218393
0.217601
0.218373
0.218163
0.217807
0.217201
0.216715
0.213284
0.209969
0.208068
0.20728
0.205594
0.203018
0.200306
0.197496
0.19487
0.192748
0.190969
0.189116
0.187531
0.186083
0.184765
0.182737
0.181666
0.180431
0.17928
0.178315
0.177903
0.177356
0.176822
0.176388
0.176012
0.175481
0.175348
0.17517
0.174086
0.173712
0.173399
0.173017
0.172092
0.171433
0.171168
0.170538
0.169977
0.169439
0.16889
0.168338
0.167675
0.167119
0.16868
0.16838
0.16805
0.167541
0.166854
0.166283
0.165876
0.165352
0.164907
0.164585
0.164181
0.163808
0.163374
0.162884
0.161203
0.159185
0.15691
0.156305
0.155552
0.153768
0.153188
0.153108
0.152719
0.152165
0.152372
0.151949
0.151078
0.150034
0.149035
0.14825
0.147064
0.146112
0.145536
0.144875
0.142935
0.141155
0.140765
0.140484
0.139507
0.138592
0.138043
0.136555
0.13531
0.133499
0.13173
0.131275
0.13084
0.130412
0.129983
0.129559
0.131548
0.131386
0.131345
0.131088
0.130297
0.1299
0.130116
0.128817
0.127408
0.127014
0.126593
0.127298
0.126631
0.126271
0.125759
0.124072
0.122424
0.120813
0.119245
0.118198
0.116888
0.115556
0.11519
0.114811
0.11512
0.114608
0.114295
0.113982
0.113476
0.112924
0.112508
0.11206
0.111973
0.111886
0.111483
0.110073
0.108694
0.107345
0.106025
0.104732
0.103466
0.102231
0.101017
0.0998265
0.0986606
0.0975178
0.0963978
0.0952997
0.0942231
0.0931672
0.0921322
0.0918425
0.0911133
0.0901129
0.0891313
0.0881678
0.0872259
0.0863022
0.0859703
0.0854405
0.0851029
0.0845549
0.0836663
0.0827933
0.0819351
0.0810919
0.0802632
0.0794488
0.0786478
0.0778598
0.077085
0.0763235
0.0755739
0.0748383
0.0741688
0.0734522
0.0727492
0.0720557
0.0713736
0.0707021
0.0700434
0.0694108
0.0693364
0.0687345
0.0686773
0.0686175
0.0685679
0.0685403
0.068428
0.0682278
0.0680381
0.0677864
0.0675618
0.0673395
0.0673998
0.0667663
0.0661544
0.0655405
0.064978
0.0645125
0.0643775
0.06427
0.0639122
0.0634054
0.0628264
0.0623267
0.0619346
0.061641
0.0614174
0.0614141
0.0611695
0.0609712
0.0607306
0.0604611
0.0602427
0.0601165
0.0600145
0.0597635
0.0594641
0.0593264
0.0592336
0.0590842
0.0589567
0.0588434
0.05878
0.0586893
0.058583
0.058516
0.0584064
0.0583713
0.0583087
0.0582437
0.058211
0.0581673
0.0581444
0.0581004
0.0579979
0.0579569
0.0579111
0.057863
0.057816
0.0577618
0.057707
0.0576469
0.0576194
0.0575123
0.0574768
0.0574433
0.0573914
0.0573258
0.0572957
0.0571544
0.0571081
0.0570605
0.0570442
0.0570357
0.0569848
0.0569905
0.0564263
0.0563889
0.0563278
0.0562902
0.0562401
0.0561766
0.0561573
0.0560984
0.0560199
0.0559666
0.0559973
0.0559385
0.0559632
0.0559845
0.0559768
0.0558987
0.0557985
0.0557999
0.0558071
0.0558027
0.0557635
0.0556901
0.0556404
0.0555959
0.0553942
0.0552187
0.055314
0.0551462
0.0549297
0.0547406
0.0545756
0.0544078
0.0542538
0.0540592
0.0538877
0.0537756
0.0536758
0.0535657
0.0534666
0.0534092
0.0533451
0.0533336
0.0532648
0.0532124
0.0531863
0.0531149
0.0530572
0.0530552
0.0530149
0.0529472
0.0527564
0.0525587
0.0528115
0.0527366
0.0526569
0.052549
0.0523429
0.0519728
0.0514214
0.0508651
0.0503395
0.050129
0.0501114
0.0498703
0.0497468
0.0492642
0.0487361
0.0484492
0.0483169
0.0478491
0.0476991
0.0475203
0.0471938
0.0470157
0.0468125
0.0463211
0.045926
0.0454658
0.0450052
0.0445555
0.0443724
0.044206
0.0440617
0.044202
0.0437538
0.0433136
0.0428927
0.0427112
0.042545
0.0428237
0.0426579
0.0425697
0.0423382
0.0420859
0.0419802
0.0418491
0.0417166
0.0415884
0.0414476
0.041729
0.0417794
0.0417523
0.041613
0.0412868
0.0409817
0.0408694
0.0407554
0.0406506
0.0405244
0.0403854
0.0403038
0.0402269
0.0400627
0.0398766
0.039671
0.0394052
0.0391709
0.0389976
0.0388693
0.0388087
0.0387601
0.0386847
0.0385815
0.0384364
0.0384037
0.0383325
0.0383152
0.0383185
0.0381813
0.0383439
0.0383315
0.0382962
0.0382985
0.0382664
0.0382118
0.0381776
0.0378995
0.03777
0.0376558
0.0375337
0.0374139
0.0372926
0.0377928
0.0377213
0.0376812
0.0376838
0.037707
0.0376601
0.037671
0.03768
0.0375167
0.037552
0.03755
0.0374711
0.0373651
0.0371752
0.0370005
0.0366749
0.0365054
0.0363951
0.036306
0.0362133
0.0360603
0.035963
0.0358745
0.035827
0.0357946
0.0357568
0.0356508
0.0356142
0.035579
0.0355422
0.0354837
0.0354302
0.0354508
0.0354804
0.0354994
0.035288
0.0351528
0.0351576
0.0351776
0.035172
0.0350882
0.035121
0.0351125
0.0351387
0.0351085
0.0351443
0.0351806
0.035231
0.0352599
0.0352674
0.035265
0.0352737
0.0352894
0.0353132
0.0353492
0.0353557
0.0354318
0.0354374
0.0354439
0.0354882
0.0355243
0.0354901
0.0354913
0.0354963
0.0354572
0.0354317
0.035312
0.0350876
0.034802
0.0345774
0.0345083
0.0344508
0.0342428
0.0341376
0.0343082
0.0343843
0.0344063
0.0343986
0.0344014
0.0342443
0.034115
0.0339508
0.0337669
0.0336261
0.0335158
0.033411
0.0332614
0.0331948
0.0330843
0.0329473
0.0328455
0.032791
0.0326958
0.0326157
0.0326028
0.0325959
0.0325626
0.0325008
0.0324025
0.0324881
0.0324991
0.0324587
0.0323409
0.032436
0.0324358
0.032434
0.0324281
0.0324172
0.0324652
0.0325507
0.0321587
0.0317597
0.0314783
0.0313919
0.0312198
0.0311283
0.0310029
0.0309333
0.0308732
0.030824
0.0307027
0.0305855
0.0305535
0.0305142
0.0304281
0.0303571
0.0302638
0.0302011
0.0301682
0.0301489
0.0300994
0.0301063
0.0300815
0.0300957
0.0300795
0.0300191
0.0299687
0.029925
0.0298157
0.0297032
0.0296077
0.0298962
0.0298611
0.0298514
0.0298094
0.0296815
0.0295932
0.029498
0.0294017
0.0293085
0.0292135
0.0291188
0.0290244
0.0289304
0.0288338
0.0287397
0.0294755
0.0294602
0.0294425
0.0294517
0.0293267
0.0292366
0.028935
0.0285521
0.0285335
0.0284909
0.0283199
0.0282192
0.0281618
0.0281152
0.0280449
0.0279873
0.0279198
0.0278669
0.0277635
0.0273965
0.0272945
0.0273861
0.0273447
0.0272191
0.0271197
0.0269707
0.026632
0.0265482
0.0264462
0.0262837
0.0259431
0.0259103
0.0259175
0.0258844
0.0257331
0.0256235
0.0254989
0.0253395
0.0251865
0.0249734
0.0246575
0.024364
0.0241875
0.0240686
0.0239206
0.0237762
0.0236803
0.0236131
0.023535
0.0232729
0.0229871
0.0227084
0.0225462
0.0222859
0.0221633
0.0219157
0.0218257
0.0217699
0.0216954
0.0216173
0.0216053
0.0214731
0.0213502
0.0212547
0.0211663
0.0210582
0.0209911
0.0208939
0.0208435
0.020796
0.020731
0.0206671
0.0205498
0.0204232
0.0203712
0.0202781
0.0201921
0.0201142
0.0198848
0.019712
0.0195252
0.0193732
0.0193034
0.0191975
0.0190615
0.0189214
0.0187817
0.0186749
0.0185679
0.018485
0.0183903
0.018311
0.0182454
0.0182478
0.0182033
0.0181423
0.0180565
0.0179894
0.0179428
0.0178267
0.0176541
0.0175503
0.0174609
0.0173571
0.0171798
0.0171249
0.0170623
0.0170083
0.0169441
0.01689
0.0168361
0.0167823
0.0167283
0.0166753
0.0170663
0.0170273
0.0170037
0.0169697
0.0169218
0.0168851
0.0168579
0.0168211
0.0167959
0.0167814
0.0167523
0.0167255
0.0166988
0.0166768
0.0166344
0.0165394
0.0164782
0.0163486
0.0161783
0.0161184
0.0161013
0.0160407
0.0159288
0.0158579
0.0158065
0.0157285
0.0156486
0.0155773
0.0155011
0.0154647
0.0154049
0.0153601
0.0152241
0.0150583
0.0148927
0.0148304
0.0147332
0.0146422
0.0145234
0.0144126
0.0142888
0.0142373
0.014157
0.0140076
0.0139302
0.0138574
0.0138078
0.0138366
0.013816
0.0137928
0.0137289
0.0136757
0.0136406
0.0135914
0.0136172
0.0135899
0.0135425
0.0135231
0.0135119
0.0135097
0.0135184
0.0135113
0.0135281
0.0135369
0.0135229
0.0135061
0.0134887
0.0135007
0.0135055
0.0134587
0.0134375
0.013421
0.0133696
0.0133258
0.0132875
0.0132667
0.0132459
0.0132503
0.013229
0.0132289
0.0132276
0.0132257
0.0132109
0.0131952
0.0132204
0.0132481
0.0132595
0.0132531
0.0132574
0.0132163
0.013169
0.0131384
0.0130596
0.0130081
0.012969
0.0129443
0.0128149
0.0127913
0.0127967
0.0126495
0.0126282
0.0125872
0.0125624
0.012521
0.0124761
0.012474
0.0124427
0.0124178
0.0123733
0.0123848
0.0123463
0.0122933
0.0122186
0.0121736
0.0121454
0.0121441
0.0120998
0.0121259
0.0120738
0.0120241
0.0120175
0.0120233
0.0121313
0.0121377
0.0121418
0.0121485
0.0121745
0.0121409
0.0121212
0.0121178
0.0121165
0.0121292
0.0121171
0.0120946
0.0120549
0.0119892
0.0118849
0.0118127
0.0117913
0.0117362
0.0117028
0.0116761
0.0116781
0.0115958
0.0115988
0.0115963
0.0115785
0.0115792
0.011554
0.0115375
0.0115082
0.0115051
0.0115319
0.0115449
0.011557
0.0115656
0.0115537
0.0115495
0.0115391
0.0115206
0.0115032
0.0115176
0.0115113
0.0114657
0.01146
0.011371
0.0112958
0.0112108
0.0111113
0.0110386
0.0109867
0.0109438
0.0109163
0.0109225
0.0108901
0.0108887
0.0109063
0.0109159
0.0109187
0.0108732
0.0108756
0.0108466
0.0108505
0.0108532
0.0108628
0.0108925
0.0109124
0.0109058
0.010872
0.0108965
0.0109121
0.0108622
0.0107846
0.0107013
0.0106304
0.0105927
0.0105563
0.0104877
0.0104139
0.0103411
0.0102834
0.0102173
0.0101473
0.0101063
0.0100694
0.0100445
