1
1
1
1
1
1
1
0.99688
1
1
1
1
1
1
1
1
1
1
1
0.999999
0.958525
0.950082
0.897595
0.842122
0.839596
0.838587
0.838899
0.839766
0.840074
0.840977
0.841677
0.843631
0.847049
0.849046
0.851307
0.853668
0.855413
0.857812
0.854763
0.859536
0.856459
0.859094
0.827175
0.802101
0.763617
0.764392
0.765209
0.763792
0.754009
0.745547
0.707919
0.707016
0.70832
0.71215
0.709601
0.706924
0.718381
0.721841
0.727137
0.732463
0.739182
0.745557
0.751718
0.758021
0.762656
0.766906
0.767374
0.771416
0.776937
0.782569
0.779692
0.775933
0.764091
0.761283
0.765551
0.76734
0.769364
0.764469
0.762147
0.759824
0.755094
0.752738
0.756088
0.758149
0.761464
0.764628
0.770431
0.775814
0.77975
0.783528
0.787663
0.791165
0.794379
0.79577
0.797777
0.799994
0.802148
0.805235
0.808094
0.810356
0.812405
0.814999
0.817907
0.82046
0.822896
0.824477
0.825333
0.825582
0.82521
0.822695
0.819551
0.825701
0.827689
0.830031
0.83143
0.832058
0.833063
0.834508
0.836429
0.83702
0.839672
0.842008
0.843498
0.845513
0.842528
0.847834
0.849974
0.850796
0.852103
0.852955
0.830821
0.816911
0.816618
0.816827
0.816581
0.812726
0.807495
0.799314
0.793477
0.79219
0.791515
0.79105
0.79087
0.790836
0.790756
0.776953
0.777006
0.777263
0.777571
0.77806
0.778823
0.780454
0.778449
0.7801
0.781007
0.778945
0.780717
0.781843
0.773768
0.774395
0.775098
0.775875
0.76203
0.762278
0.762788
0.760021
0.757558
0.755139
0.752692
0.75027
0.747386
0.744927
0.743506
0.744058
0.744698
0.74489
0.745027
0.745363
0.745618
0.745925
0.746173
0.746566
0.746866
0.747735
0.749668
0.747383
0.745711
0.744959
0.725526
0.725757
0.725616
0.725281
0.72258
0.72546
0.726215
0.723633
0.726788
0.727029
0.726902
0.726091
0.725123
0.724949
0.724099
0.723936
0.71046
0.710408
0.69829
0.689446
0.689567
0.689883
0.688901
0.688543
0.689478
0.689243
0.688795
0.670893
0.654507
0.652496
0.65035
0.648226
0.646141
0.644078
0.654299
0.655171
0.657287
0.659355
0.659716
0.657705
0.66117
0.6607
0.660595
0.658566
0.656384
0.663683
0.664636
0.666374
0.6674
0.650348
0.634094
0.618781
0.604326
0.604386
0.603969
0.602827
0.600932
0.598969
0.603042
0.60341
0.603885
0.604508
0.604828
0.604992
0.602798
0.600451
0.6
0.599521
0.590305
0.576265
0.562838
0.549976
0.537759
0.525971
0.514659
0.503926
0.493452
0.48345
0.473812
0.464441
0.455508
0.446777
0.438348
0.430206
0.422378
0.42105
0.414957
0.407674
0.400535
0.393642
0.386927
0.380458
0.379041
0.376868
0.376782
0.376802
0.371402
0.365298
0.359532
0.353823
0.348252
0.342783
0.337463
0.332327
0.327363
0.322459
0.317683
0.313029
0.309191
0.304746
0.300472
0.29643
0.292631
0.288599
0.284673
0.280908
0.280908
0.278505
0.278917
0.279487
0.280066
0.280659
0.28081
0.280886
0.281129
0.280123
0.279181
0.27827
0.277301
0.273521
0.269896
0.266289
0.263051
0.261896
0.262119
0.26267
0.262657
0.262197
0.258725
0.258157
0.258126
0.258354
0.257423
0.258668
0.259083
0.259616
0.25997
0.260164
0.260634
0.261504
0.262329
0.26229
0.262137
0.262261
0.262432
0.262554
0.262812
0.263498
0.264695
0.266341
0.267644
0.269939
0.271602
0.274636
0.277503
0.280114
0.283203
0.286588
0.289753
0.292764
0.293408
0.295612
0.298526
0.30129
0.304197
0.307046
0.31002
0.313228
0.316373
0.319016
0.322525
0.325843
0.32946
0.331437
0.334696
0.335772
0.33891
0.342041
0.34665
0.351449
0.355951
0.360368
0.355458
0.35905
0.361025
0.363543
0.365584
0.366805
0.369847
0.372871
0.374691
0.378368
0.382645
0.38656
0.390145
0.394047
0.396889
0.397967
0.400031
0.402729
0.40557
0.408486
0.41104
0.412835
0.415503
0.41837
0.416893
0.415562
0.418314
0.419102
0.419678
0.420173
0.420827
0.42161
0.422253
0.423023
0.424051
0.425463
0.426971
0.428588
0.430323
0.432745
0.434944
0.437559
0.439857
0.442236
0.445255
0.448307
0.450848
0.453593
0.456252
0.45874
0.45712
0.455418
0.460657
0.462303
0.463564
0.464388
0.464412
0.46396
0.46011
0.45406
0.448687
0.446843
0.448793
0.449056
0.449353
0.448323
0.44222
0.441846
0.442056
0.44101
0.441636
0.440024
0.435969
0.434356
0.434925
0.429034
0.428194
0.424045
0.419031
0.414283
0.41256
0.411004
0.409701
0.41353
0.408806
0.404181
0.400399
0.398724
0.397201
0.399592
0.396194
0.394835
0.392811
0.388585
0.387222
0.384447
0.380968
0.379816
0.378548
0.381633
0.383467
0.384196
0.384351
0.383931
0.383519
0.383742
0.384083
0.384394
0.384881
0.385173
0.385679
0.386029
0.386086
0.386015
0.385904
0.385373
0.385215
0.385141
0.385419
0.385931
0.386447
0.386969
0.387296
0.387421
0.388662
0.389527
0.390826
0.394524
0.393121
0.395417
0.396278
0.39735
0.398531
0.399876
0.401018
0.403014
0.402999
0.40322
0.40202
0.400707
0.399409
0.398104
0.406058
0.407328
0.411289
0.415501
0.420299
0.423503
0.425742
0.429742
0.429907
0.433289
0.436209
0.436709
0.437131
0.437167
0.437299
0.43658
0.436671
0.437073
0.4376
0.438302
0.438562
0.438938
0.439523
0.440495
0.441711
0.443129
0.443508
0.444532
0.446012
0.447801
0.448813
0.449693
0.452682
0.456573
0.459845
0.459982
0.460259
0.46395
0.466794
0.470995
0.472052
0.476799
0.48124
0.485367
0.489944
0.494569
0.499503
0.50415
0.508627
0.512666
0.517325
0.521541
0.525719
0.530312
0.534761
0.538521
0.542683
0.546816
0.551172
0.555378
0.55893
0.561486
0.565421
0.569522
0.572432
0.574906
0.575301
0.575589
0.575676
0.576109
0.578744
0.580981
0.58113
0.579359
0.583604
0.587137
0.590695
0.592821
0.595038
0.595363
0.595844
0.596046
0.596125
0.596571
0.596681
0.596849
0.597301
0.598841
0.599966
0.600423
0.601927
0.60403
0.605287
0.606009
0.606806
0.607673
0.608499
0.609007
0.607136
0.609815
0.612041
0.614406
0.612177
0.615988
0.618005
0.619783
0.621754
0.624217
0.626274
0.628062
0.620066
0.612089
0.611445
0.611708
0.604667
0.604723
0.604335
0.604645
0.605453
0.602323
0.60283
0.599628
0.600324
0.601349
0.601676
0.602318
0.600573
0.593939
0.593266
0.593974
0.594447
0.595128
0.595837
0.597771
0.598684
0.599311
0.600094
0.602718
0.600459
0.598208
0.596298
0.604427
0.605801
0.607441
0.608882
0.60902
0.607208
0.605254
0.603292
0.601352
0.599388
0.597474
0.595538
0.593607
0.591655
0.589766
0.608771
0.609018
0.610055
0.61154
0.611764
0.609914
0.603353
0.595138
0.596521
0.597276
0.597091
0.597173
0.597597
0.598161
0.598538
0.598984
0.599082
0.599523
0.599815
0.591515
0.589297
0.59227
0.592753
0.592755
0.590634
0.592915
0.592188
0.590355
0.588128
0.583893
0.57931
0.580298
0.581538
0.581775
0.58139
0.581413
0.58133
0.581151
0.580943
0.580276
0.572954
0.568176
0.567543
0.567454
0.567185
0.5666
0.566656
0.566757
0.566899
0.562465
0.554902
0.547413
0.546882
0.542541
0.54236
0.538245
0.538371
0.538697
0.538792
0.536903
0.538946
0.538955
0.539007
0.539146
0.539383
0.539541
0.539857
0.539904
0.540358
0.540801
0.541144
0.541496
0.541518
0.541443
0.541942
0.542046
0.542093
0.542225
0.537349
0.535917
0.533956
0.533069
0.531148
0.531892
0.531619
0.531391
0.530953
0.530573
0.530423
0.530468
0.530378
0.530472
0.528573
0.530796
0.530959
0.531135
0.531164
0.531148
0.531313
0.5312
0.529605
0.529406
0.52934
0.528852
0.52577
0.526524
0.524627
0.522952
0.520979
0.519341
0.517708
0.516055
0.514432
0.512802
0.526707
0.527189
0.527941
0.528385
0.528851
0.529631
0.530575
0.531211
0.532043
0.532788
0.533253
0.534132
0.535017
0.535822
0.536163
0.535786
0.533868
0.526878
0.523163
0.521315
0.523089
0.523298
0.523054
0.523078
0.523439
0.523468
0.523351
0.523479
0.523482
0.523702
0.523817
0.524026
0.518969
0.517624
0.516247
0.516212
0.515327
0.515069
0.514018
0.512843
0.511978
0.510158
0.510245
0.50358
0.503296
0.503233
0.501469
0.503747
0.504056
0.504418
0.504529
0.504727
0.505278
0.503469
0.50608
0.506916
0.507768
0.509829
0.512269
0.51527
0.518209
0.520564
0.523407
0.526054
0.528423
0.530512
0.532886
0.536122
0.539093
0.539475
0.541488
0.543019
0.543543
0.544061
0.544674
0.545722
0.547181
0.549523
0.551673
0.554023
0.556739
0.559481
0.561904
0.565169
0.569025
0.572712
0.576272
0.579667
0.581897
0.582445
0.580374
0.582444
0.582459
0.582751
0.583117
0.584156
0.581953
0.582569
0.583826
0.575308
0.576206
0.57723
0.578063
0.578872
0.5768
0.579795
0.581161
0.58233
0.580273
0.582988
0.583473
0.583772
0.583846
0.584344
0.584987
0.586568
0.584483
0.588006
0.588951
0.589197
0.590883
0.592921
0.596476
0.598617
0.602032
0.59912
0.599677
0.595403
0.592983
0.590308
0.586275
0.584828
0.584582
0.5835
0.581264
0.579992
0.574484
0.567624
0.568838
0.569316
0.570102
0.571264
0.573163
0.573792
0.576623
0.578976
0.580791
0.583304
0.584814
0.587222
0.587981
0.589032
0.59069
0.592938
0.594156
0.596232
0.598407
0.599952
0.602814
0.604094
0.604619
0.606603
0.607908
0.607981
0.60908
0.607747
0.607587
0.607402
0.607264
0.606956
0.606963
0.607294
0.607831
0.609149
0.610657
0.612666
0.614022
0.616247
0.617841
0.618594
0.619732
0.620692
0.622526
0.624514
0.626109
0.628137
0.631839
0.63476
0.636713
0.639859
0.64123
0.641455
0.641651
0.641741
0.642
0.642447
0.642832
0.64297
0.643065
0.643005
0.643196
0.643289
0.643328
0.64358
0.643857
0.644444
