1
1
1
1
1
1
1
0.999992
0.999993
0.999994
0.999995
0.999995
0.999995
0.999995
0.999994
0.999993
0.999993
0.999977
0.999978
0.999979
0.99998
0.999982
0.999982
0.999983
0.999983
0.999984
0.999985
0.999985
0.999986
0.996914
0.99361
0.999986
0.999986
0.999987
0.999987
0.999988
0.999988
0.999988
0.999989
0.999989
0.99999
0.99999
0.99999
0.99999
0.999991
0.999991
0.999991
0.999991
0.999991
0.999992
0.999418
0.999433
0.999429
0.999358
0.999362
0.999366
0.999378
0.999394
0.999408
0.999421
0.999424
0.999434
0.999437
0.999448
0.99946
0.999467
0.999477
0.999486
0.999493
0.999495
0.999503
0.999506
0.999515
0.999524
0.999535
0.999544
0.999553
0.999561
0.999569
0.999577
0.999582
0.99959
0.999598
0.995876
0.992047
0.999605
0.999612
0.999599
0.999556
0.999435
0.99942
0.999362
0.999364
0.999368
0.999374
0.99937
0.999377
0.999382
0.999387
0.999392
0.999396
0.999401
0.999403
0.999378
0.999382
0.999385
0.999386
0.999388
0.999392
0.999396
0.9994
0.999403
0.999406
0.999411
0.999415
0.999419
0.999423
0.999427
0.999432
0.999435
0.99944
0.999445
0.999335
0.999341
0.999346
0.99935
0.999355
0.999361
0.999364
0.999369
0.999374
0.99938
0.999385
0.999389
0.999394
0.999401
0.999406
0.999411
0.999415
0.99942
0.999425
0.995173
0.999433
0.99944
0.999441
0.999431
0.999434
0.999441
0.999446
0.999453
0.999461
0.999468
0.999475
0.999482
0.999477
0.999482
0.999489
0.999496
0.999502
0.999508
0.999514
0.99952
0.999526
0.999532
0.999538
0.999543
0.999548
0.999552
0.99951
0.999508
0.999513
0.999519
0.999525
0.999529
0.999532
0.999537
0.999542
0.999547
0.999551
0.999554
0.999559
0.999563
0.999568
0.999573
0.999577
0.999582
0.999586
0.99959
0.999594
0.999598
0.999602
0.999607
0.999611
0.999615
0.999618
0.99962
0.999622
0.999626
0.99963
0.999633
0.999637
0.99964
0.999643
0.999646
0.999648
0.999649
0.999652
0.999655
0.999657
0.99966
0.999662
0.999664
0.999667
0.99967
0.999673
0.999675
0.999678
0.999681
0.999684
0.999686
0.999689
0.99969
0.999693
0.999695
0.999697
0.999699
0.999701
0.999703
0.999705
0.999707
0.991839
0.990846
0.985551
0.985575
0.985663
0.985757
0.985828
0.985908
0.985981
0.986054
0.982722
0.979157
0.982704
0.982788
0.982885
0.983008
0.983141
0.98326
0.98333
0.983344
0.982279
0.978692
0.975449
0.982384
0.982498
0.982574
0.982657
0.982755
0.971233
0.967733
0.971412
0.971596
0.97176
0.971963
0.972158
0.972312
0.972494
0.972664
0.972802
0.972939
0.973075
0.973132
0.973273
0.973418
0.973518
0.973629
0.973696
0.973827
0.973965
0.974084
0.97421
0.974312
0.974404
0.974507
0.974588
0.974681
0.974781
0.974896
0.974991
0.975071
0.975165
0.975215
0.971019
0.975367
0.975514
0.975644
0.975802
0.975976
0.976124
0.976259
0.976192
0.976327
0.976477
0.976613
0.976753
0.976883
0.977019
0.977141
0.977276
0.977412
0.977541
0.977568
0.973432
0.977462
0.977419
0.97749
0.977565
0.977648
0.977727
0.977817
0.977894
0.978031
0.978169
0.978293
0.97465
0.973072
0.973237
0.973387
0.973566
0.973665
0.973816
0.97397
0.974134
0.974296
0.974471
0.974636
0.974746
0.97485
0.974952
0.975112
0.975269
0.975425
0.975577
0.975712
0.975865
0.976007
0.976092
0.976214
0.9762
0.976326
0.976455
0.976599
0.9767
0.976818
0.976928
0.977087
0.977228
0.977377
0.977514
0.977603
0.977743
0.977878
0.978005
0.978139
0.978276
0.978405
0.978543
0.978674
0.978764
0.978838
0.978963
0.979057
0.979183
0.979239
0.979329
0.97945
0.979576
0.979701
0.979798
0.979921
0.98004
0.980155
0.980243
0.98022
0.975273
0.975332
0.975034
0.975119
0.975177
0.975276
0.975383
0.97549
0.974409
0.966808
0.966865
0.966891
0.966925
0.966819
0.960459
0.956534
0.956459
0.956533
0.956574
0.956614
0.956125
0.956183
0.956211
0.956278
0.956334
0.956419
0.956491
0.956584
0.956676
0.956768
0.956839
0.956917
0.957003
0.957106
0.957224
0.957333
0.957479
0.957639
0.957816
0.957965
0.958084
0.95817
0.958298
0.958423
0.958543
0.958648
0.958734
0.958832
0.958918
0.959014
0.956068
0.95143
0.947933
0.944792
0.941114
0.948358
0.947094
0.947085
0.947089
0.947091
0.947051
0.947011
0.947018
0.947042
0.947026
0.94696
0.938809
0.928675
0.923105
0.923202
0.923265
0.923356
0.923409
0.914274
0.914248
0.910707
0.90736
0.908042
0.906386
0.901132
0.898982
0.899008
0.899058
0.899001
0.899011
0.899028
0.898941
0.898932
0.898905
0.898948
0.899032
0.899115
0.899191
0.89927
0.899246
0.889037
0.879186
0.871252
0.86805
0.864189
0.864117
0.864213
0.864341
0.864449
0.864543
0.864657
0.864809
0.86491
0.862274
0.862978
0.855363
0.847013
0.84242
0.840809
0.840181
0.837076
0.833503
0.831516
0.831598
0.831771
0.83185
0.832112
0.832346
0.83246
0.832579
0.832652
0.832764
0.832865
0.832981
0.833209
0.832464
0.822674
0.820087
0.813341
0.813306
0.813459
0.813716
0.813794
0.814052
0.814368
0.814685
0.815034
0.81541
0.815745
0.815883
0.816357
0.816611
0.817038
0.8166
0.816839
0.816612
0.816776
0.813635
0.811224
0.811486
0.811832
0.811064
0.81136
0.811734
0.812223
0.81267
0.813046
0.81332
0.81376
0.814251
0.814703
0.815204
0.814832
0.81497
0.815201
0.812536
0.812706
0.812824
0.812685
0.811769
0.812287
0.810656
0.80959
0.804555
0.801199
0.797628
0.797872
0.798042
0.797541
0.796
0.795229
0.795239
0.795698
0.796208
0.7966
0.796982
0.79732
0.794428
0.79783
0.798168
0.798476
0.798925
0.799133
0.79943
0.799437
0.799878
0.800268
0.800424
0.8005
0.800647
0.800139
0.800359
0.80057
0.800502
0.800482
0.800347
0.800048
0.799815
0.799274
0.798324
0.798085
0.797611
0.797206
0.796924
0.796626
0.796119
0.795898
0.795781
0.795837
0.785599
0.782368
0.779398
0.781587
0.78158
0.781696
0.781711
0.781714
0.781586
0.781459
0.781423
0.781442
0.781599
0.78173
0.78221
0.782552
0.782949
0.783043
0.780637
0.783026
0.783123
0.784115
0.785061
0.78528
0.785843
0.786501
0.787183
0.787978
0.788988
0.789993
0.791083
0.792077
0.792882
0.793805
0.794878
0.795886
0.796001
0.796753
0.797564
0.798295
0.799214
0.799947
0.800603
0.801181
0.801863
0.802123
0.802622
0.803171
0.803698
0.803589
0.792585
0.792672
0.79368
0.793877
0.794164
0.794291
0.794409
0.794617
0.794882
0.794966
0.795009
0.79519
0.792708
0.789642
0.790086
0.787556
0.786426
0.781118
0.774991
0.772923
0.767421
0.764619
0.764293
0.763425
0.756423
0.754135
0.74943
0.744139
0.741286
0.74082
0.741069
0.740714
0.739928
0.737501
0.735253
0.735927
0.733702
0.734933
0.732883
0.730294
0.719809
0.720572
0.721335
0.722737
0.724148
0.725664
0.727301
0.72915
0.730299
0.732154
0.733475
0.734921
0.736178
0.737385
0.738715
0.735982
0.734498
0.731815
0.735545
0.735815
0.735931
0.736163
0.736347
0.730984
0.728262
0.725904
0.722762
0.720402
0.71758
0.715237
0.712453
0.710144
0.722393
0.718227
0.707848
0.699751
0.692044
0.683069
0.680575
0.674592
0.671738
0.669123
0.675391
0.675471
0.674716
0.674409
0.672354
0.670561
0.669712
0.668557
0.66818
0.667415
0.66538
0.663702
0.660646
0.651115
0.647919
0.641773
0.637596
0.632825
0.628174
0.620307
0.611811
0.608785
0.606576
0.609023
0.608707
0.608529
0.606674
0.604649
0.602646
0.606102
0.604254
0.604525
0.604008
0.603782
0.60405
0.595496
0.592962
0.595424
0.594956
0.594118
0.592798
0.590977
0.591001
0.589185
0.589021
0.587226
0.585294
0.583341
0.581436
0.579481
0.586507
0.582947
0.581198
0.580659
0.578875
0.576971
0.575087
0.573167
0.571282
0.57916
0.577847
0.576072
0.57383
0.5719
0.576673
0.577692
0.577073
0.576618
0.576195
0.575291
0.574459
0.574064
0.565397
0.562977
0.557071
0.555037
0.555082
0.552036
0.548512
0.544077
0.541913
0.539943
0.534058
0.530203
0.526571
0.524915
0.523668
0.517942
0.51529
0.513384
0.510032
0.502685
0.499258
0.493636
0.487867
0.485777
0.481607
0.479825
0.481273
0.479493
0.477007
0.475199
0.47128
0.466753
0.463916
0.461408
0.459668
0.458102
0.4542
0.451249
0.447118
0.445734
0.444268
0.442763
0.441317
0.439855
0.447447
0.441255
0.442094
0.442431
0.44235
0.441897
0.442059
0.441825
0.441708
0.441408
0.44124
0.441126
0.441417
0.441036
0.44105
0.441836
0.442869
0.443832
0.444198
0.444415
0.443061
0.440387
0.434157
0.43232
0.434424
0.434766
0.435187
0.435473
0.435987
0.436458
0.436879
0.437026
0.437484
0.437815
0.438311
0.438664
0.439253
0.43919
0.439135
0.438988
0.438443
0.437117
0.438193
0.438187
0.436809
0.438662
0.432074
0.430465
0.426107
0.424551
0.422929
0.421273
0.419653
0.423353
0.418187
0.413945
0.412203
0.410629
0.409
0.407645
0.406294
0.414501
0.414706
0.414824
0.412426
0.406941
0.405425
0.403857
0.402304
0.400738
0.399187
0.397643
0.396095
0.394601
0.393055
0.391753
0.389991
0.388492
0.401392
0.39692
0.395451
0.394146
0.390226
0.387499
0.384141
0.378301
0.372612
0.372887
0.371786
0.370297
0.368861
0.36771
0.368208
0.362708
0.35735
0.356244
0.356587
0.356544
0.356994
0.356751
0.355673
0.352937
0.351631
0.349613
0.344466
0.343
0.341673
0.341914
0.33892
0.337666
0.336359
0.334777
0.331749
0.33053
0.328782
0.327581
0.326314
0.324346
0.323154
0.321911
0.320343
0.31915
0.3179
0.31667
0.315437
0.314216
0.312986
0.31179
0.310584
0.320816
0.320852
0.321081
0.321025
0.321314
0.321647
0.321596
0.32184
0.322346
0.323162
0.325284
0.328574
0.331481
0.334782
