1
1
1
1
1
1
1
1
1
1
1
1
1
1
1
1
0.999994
0.999919
0.999901
0.999901
0.980462
0.980498
0.980551
0.980285
0.96043
0.96066
0.960972
0.961297
0.961183
0.961523
0.961924
0.961403
0.961258
0.958387
0.958322
0.958802
0.958843
0.958963
0.958399
0.958793
0.959349
0.959541
0.960472
0.961354
0.961603
0.962502
0.962822
0.96342
0.963779
0.96392
0.964663
0.965197
0.966003
0.966804
0.967426
0.967787
0.96832
0.968857
0.969231
0.969362
0.969659
0.970054
0.970608
0.969438
0.969675
0.969994
0.97063
0.971056
0.971334
0.9715
0.971722
0.971866
0.972249
0.972444
0.972756
0.97295
0.97319
0.973444
0.973584
0.973699
0.973706
0.973959
0.974299
0.974596
0.974833
0.975123
0.975556
0.968101
0.968311
0.968604
0.968702
0.968908
0.969016
0.965594
0.969043
0.969352
0.969616
0.969881
0.970162
0.970465
0.96904
0.968958
0.969141
0.969196
0.953401
0.91891
0.91932
0.919517
0.919814
0.92003
0.919827
0.919898
0.920169
0.920295
0.920804
0.92175
0.923485
0.924442
0.925898
0.926219
0.926621
0.926972
0.927937
0.928443
0.929522
0.930454
0.931373
0.931913
0.931829
0.932272
0.9324
0.93263
0.932736
0.933485
0.934243
0.935207
0.936158
0.937522
0.939057
0.939839
0.941076
0.942282
0.943539
0.94488
0.946095
0.946998
0.947826
0.948813
0.949786
0.95058
0.951273
0.952204
0.952813
0.953564
0.954014
0.953672
0.953983
0.954105
0.952873
0.952955
0.953194
0.953108
0.95311
0.952819
0.951595
0.950919
0.950811
0.948857
0.94866
0.947359
0.947115
0.94701
0.947079
0.947152
0.946846
0.947006
0.947181
0.94706
0.947086
0.947359
0.947545
0.947691
0.947631
0.944171
0.947795
0.948009
0.948373
0.948584
0.948915
0.948304
0.948541
0.948902
0.949042
0.94918
0.949177
0.949417
0.949766
0.949904
0.950022
0.950305
0.950522
0.950575
0.950795
0.951066
0.95103
0.943803
0.943999
0.944313
0.944508
0.944825
0.945216
0.945386
0.945762
0.945756
0.946086
0.94625
0.946371
0.946371
0.946173
0.946217
0.94664
0.94692
0.947105
0.947432
0.947627
0.947762
0.947851
0.948182
0.948353
0.948452
0.948491
0.948514
0.94862
0.948993
0.949455
0.949588
0.949782
0.949923
0.94993
0.948405
0.948464
0.948617
0.948804
0.94932
0.949868
0.95024
0.950828
0.950794
0.951436
0.951991
0.952563
0.952637
0.952616
0.952847
0.953045
0.953225
0.95376
0.954323
0.954802
0.955055
0.955379
0.955069
0.954851
0.954605
0.954593
0.954467
0.954564
0.954651
0.954623
0.954652
0.954716
0.95481
0.954818
0.954872
0.954935
0.954968
0.95505
0.955178
0.955288
0.95567
0.955661
0.956058
0.956413
0.956856
0.957232
0.957595
0.958017
0.958132
0.958197
0.958245
0.958292
0.958399
0.958344
0.958326
0.952174
0.94592
0.938423
0.935852
0.934755
0.931409
0.934512
0.923352
0.923485
0.923462
0.923176
0.923134
0.923165
0.923288
0.923305
0.922409
0.920387
0.916424
0.904679
0.905011
0.905214
0.905331
0.905431
0.905564
0.905602
0.905226
0.905119
0.905035
0.904056
0.9039
0.902797
0.886518
0.886511
0.886583
0.885719
0.885597
0.885483
0.885242
0.885295
0.885316
0.885394
0.885708
0.88487
0.884373
0.884409
0.88503
0.884874
0.885456
0.885952
0.875732
0.876261
0.877044
0.877962
0.878449
0.879135
0.879579
0.880348
0.880994
0.881305
0.882632
0.884081
0.885419
0.886671
0.887459
0.888052
0.888357
0.888308
0.888125
0.866205
0.865518
0.862222
0.857858
0.854808
0.854083
0.856394
0.854513
0.854435
0.854849
0.855307
0.856072
0.85646
0.856388
0.856739
0.856671
0.857634
0.853297
0.854439
0.855837
0.85708
0.857432
0.857816
0.858358
0.859075
0.859353
0.859731
0.859912
0.860092
0.860266
0.859699
0.859622
0.859635
0.859535
0.859894
0.86028
0.860211
0.860292
0.860112
0.860301
0.860498
0.860533
0.860646
0.860525
0.860482
0.860529
0.860584
0.860046
0.85897
0.858677
0.858157
0.8578
0.85674
0.856509
0.856284
0.855788
0.854882
0.854953
0.85568
0.857528
0.858602
0.859569
0.860638
0.861387
0.861112
0.861262
0.861985
0.862711
0.863794
0.864362
0.865031
0.865304
0.866331
0.867477
0.868806
0.869571
0.870632
0.871449
0.872328
0.873284
0.873661
0.874529
0.875788
0.876445
0.877845
0.878944
0.879635
0.880713
0.882135
0.882413
0.882761
0.882764
0.883067
0.883483
0.883817
0.883767
0.883336
0.883424
0.883741
0.882869
0.882673
0.881196
0.881075
0.881074
0.881276
0.880968
0.880891
0.880869
0.881063
0.881096
0.881121
0.872102
0.870777
0.87091
0.871214
0.871694
0.872382
0.872949
0.873455
0.874004
0.874328
0.874821
0.875109
0.875727
0.877158
0.878112
0.878422
0.878896
0.879278
0.879569
0.88
0.880269
0.879837
0.878549
0.877945
0.877799
0.877637
0.877817
0.878078
0.877926
0.878131
0.878887
0.87968
0.880297
0.879525
0.87851
0.878403
0.8786
0.878919
0.878826
0.878882
0.879022
0.879124
0.87932
0.879274
0.877287
0.877238
0.872212
0.870447
0.870297
0.868833
0.868722
0.869057
0.869062
0.86867
0.867578
0.867919
0.868002
0.868538
0.868449
0.868386
0.868931
0.869159
0.869744
0.869993
0.870088
0.869822
0.870602
0.871414
0.870331
0.870315
0.870609
0.87063
0.870652
0.870573
0.870558
0.871558
0.872539
0.873619
0.874671
0.875766
0.876532
0.877637
0.877984
0.878536
0.87968
0.880696
0.881022
0.881665
0.882135
0.882818
0.883117
0.883847
0.883296
0.880113
0.879346
0.880974
0.880918
0.881269
0.881295
0.87814
0.877438
0.858135
0.858412
0.859139
0.859816
0.860481
0.86101
0.861084
0.861047
0.861689
0.86313
0.865219
0.865603
0.865959
0.866236
0.861521
0.859895
0.860092
0.860381
0.860503
0.860469
0.859684
0.859452
0.856293
0.859544
0.858785
0.858861
0.855787
0.852455
0.834857
0.811709
0.808744
0.805635
0.802479
0.799878
0.806056
0.803789
0.783537
0.767733
0.755931
0.755688
0.747528
0.741555
0.737426
0.735618
0.734793
0.734575
0.733836
0.733835
0.733795
0.733872
0.734539
0.735429
0.736561
0.737439
0.737892
0.738622
0.739269
0.739823
0.740623
0.740961
0.741685
0.742236
0.7431
0.743566
0.744319
0.745055
0.745571
0.746064
0.746743
0.747265
0.747296
0.748511
0.749098
0.749752
0.729669
0.710579
0.707709
0.710508
0.711051
0.711884
0.713184
0.715191
0.716205
0.717398
0.717812
0.718755
0.720583
0.721721
0.72215
0.72245
0.72252
0.723071
0.723309
0.723764
0.722248
0.723172
0.720858
0.719958
0.719987
0.720205
0.720954
0.722032
0.722962
0.724134
0.724649
0.726036
0.728384
0.729259
0.729796
0.7305
0.731042
0.731548
0.732783
0.733816
0.734951
0.735603
0.73718
0.738569
0.7401
0.741042
0.741816
0.743373
0.743542
0.74458
0.744709
0.745916
0.747792
0.748356
0.749475
0.733751
0.734523
0.736248
0.736145
0.738737
0.740437
0.742601
0.743352
0.745413
0.745699
0.747345
0.750349
0.75283
0.755778
0.753129
0.744803
0.745131
0.745906
0.746526
0.747614
0.748178
0.748841
0.749661
0.750828
0.74919
0.750213
0.750976
0.751625
0.747705
0.748462
0.750832
0.753384
0.753786
0.754743
0.755179
0.755364
0.755485
0.755797
0.75081
0.751325
0.75143
0.750457
0.750416
0.751121
0.751921
0.752379
0.752631
0.752455
0.752823
0.752985
0.753202
0.753503
0.753949
0.754024
0.754737
0.755311
0.756043
0.757729
0.757707
0.757633
0.75914
0.759853
0.761064
0.762302
0.763414
0.764389
0.765378
0.765613
0.766438
0.767162
0.767957
0.768318
0.768872
0.770089
0.771381
0.772315
0.753612
0.753795
0.753694
0.754116
0.754127
0.752947
0.751953
0.750571
0.750793
0.751562
0.752888
0.754605
0.755461
0.756448
0.757761
0.75916
0.75949
0.760441
0.761368
0.762351
0.762438
0.762577
0.762831
0.763807
0.764129
0.764071
0.763859
0.761125
0.762992
0.759001
0.757784
0.757373
0.756296
0.755962
0.754548
0.753145
0.75285
0.74933
0.748202
0.744296
0.741595
0.741249
0.733751
0.733835
0.733851
0.733875
0.73482
0.73525
0.735995
0.736846
0.737073
0.737554
0.73038
0.731161
0.730763
0.728571
0.731046
0.731833
0.731978
0.732966
0.733603
0.733857
0.734286
0.735933
0.736939
0.737117
0.735431
0.735899
0.736588
0.736624
0.736134
0.73641
0.737071
0.737814
0.738318
0.737587
0.730765
0.730922
0.731645
0.73186
0.732189
0.733505
0.733455
0.733687
0.734458
0.735609
0.736586
0.737913
0.739574
0.74026
0.740281
0.741558
0.744517
0.74696
0.749319
0.752581
0.753266
0.75419
0.754506
0.755105
0.75752
0.759699
0.761563
0.763487
0.7644
0.765559
0.766573
0.758556
0.754946
0.754866
0.756388
0.758
0.757894
0.760136
0.761392
0.762988
0.764658
0.765398
0.765683
0.766965
0.768347
0.769654
0.76665
0.767917
0.769137
0.770126
0.771477
0.77251
0.773158
0.77449
0.774985
0.775187
0.775387
0.775763
0.776312
0.777588
0.775775
0.775982
0.776332
0.776784
0.7771
0.777306
0.777853
0.77876
0.780136
0.780891
0.780924
0.781795
0.782828
0.78364
0.784287
0.785226
0.785933
0.786774
0.787229
0.787534
0.788484
0.788734
0.789372
0.770613
0.767446
0.766851
0.752625
0.7428
0.742758
0.740841
0.740841
0.740149
0.740303
0.740305
0.74039
0.740783
0.741162
0.741374
0.741521
0.741638
0.74215
0.742654
0.742894
0.743485
0.744346
0.745133
0.745425
0.745652
0.744909
0.745188
0.744983
0.743198
0.741436
0.742222
0.742854
0.741977
0.741919
0.741903
0.741648
0.740141
0.74016
0.741051
0.741422
0.742428
0.742626
0.742678
0.742841
0.743075
0.725729
0.72657
0.727846
0.728409
0.729412
0.73006
0.725464
0.726232
0.72684
0.727109
0.727517
0.728272
0.729134
0.730002
0.73066
0.731334
