1
1
1
1
1
1
1
1
1
1
1
1
1
1
1
1
1
1
1
1
1
1
1
1
0.999997
0.999997
0.999998
0.999995
0.999991
0.999744
0.999722
0.999684
0.999691
0.999695
0.999703
0.999711
0.999383
0.999392
0.999401
0.999329
0.999342
0.999355
0.999367
0.999354
0.999364
0.999374
0.999379
0.999379
0.999388
0.999392
0.99936
0.99936
0.996266
0.993013
0.949599
0.936157
0.936703
0.937862
0.935004
0.938117
0.93852
0.938735
0.938299
0.938291
0.935961
0.933665
0.931597
0.928242
0.926253
0.926094
0.926466
0.926592
0.927773
0.929675
0.931514
0.933311
0.934245
0.934841
0.936622
0.925717
0.926007
0.927827
0.929671
0.929949
0.930949
0.932137
0.933547
0.935169
0.935425
0.935865
0.936148
0.936185
0.937026
0.937616
0.938745
0.939382
0.924839
0.892786
0.889504
0.886556
0.890649
0.892352
0.893333
0.89395
0.894833
0.896135
0.898071
0.895334
0.89988
0.901842
0.899071
0.903435
0.905228
0.906739
0.907885
0.908818
0.908932
0.909648
0.910523
0.911242
0.912908
0.910082
0.91481
0.915859
0.917609
0.919116
0.920608
0.922199
0.923724
0.925148
0.926449
0.927639
0.928747
0.929616
0.930733
0.931629
0.932678
0.933544
0.934548
0.935606
0.936469
0.937452
0.938357
0.938871
0.93956
0.939626
0.939979
0.940305
0.93864
0.938182
0.93822
0.935381
0.930624
0.930681
0.930846
0.930988
0.931549
0.931784
0.932672
0.933541
0.934473
0.935268
0.936167
0.937108
0.938027
0.938905
0.939732
0.940518
0.941222
0.94202
0.942837
0.943352
0.944123
0.944815
0.945518
0.946204
0.946889
0.947481
0.948131
0.948704
0.94928
0.949864
0.950489
0.951115
0.951741
0.952335
0.95291
0.953396
0.953926
0.954447
0.954908
0.955395
0.955848
0.956291
0.956691
0.957117
0.957485
0.957898
0.958333
0.958718
0.959172
0.959536
0.959959
0.960358
0.960672
0.961052
0.961463
0.947587
0.934051
0.920841
0.921474
0.922208
0.922846
0.923347
0.924064
0.924778
0.925385
0.926106
0.926767
0.927454
0.928109
0.928773
0.929374
0.930018
0.930645
0.931203
0.931771
0.932256
0.932865
0.933336
0.933916
0.93446
0.935009
0.935575
0.93609
0.936567
0.937071
0.937572
0.938074
0.938546
0.938964
0.939419
0.939891
0.940367
0.940861
0.941337
0.941829
0.942311
0.942784
0.94325
0.943645
0.944098
0.944478
0.944944
0.945253
0.945655
0.946078
0.946511
0.946914
0.947305
0.947713
0.948131
0.948557
0.948938
0.949156
0.949392
0.949685
0.94998
0.95028
0.950554
0.95078
0.95103
0.951421
0.951721
0.95206
0.95241
0.952735
0.953033
0.953327
0.953596
0.9539
0.95422
0.954558
0.954875
0.955037
0.955369
0.955552
0.955836
0.956009
0.956182
0.956417
0.956694
0.956961
0.957228
0.957475
0.957684
0.957965
0.958235
0.958503
0.958749
0.958911
0.959188
0.959444
0.959713
0.959982
0.96025
0.960512
0.960733
0.960925
0.961139
0.961379
0.961597
0.961815
0.962043
0.962284
0.962187
0.96234
0.962546
0.962758
0.962968
0.955733
0.947071
0.940522
0.931986
0.924002
0.915711
0.916056
0.916089
0.914514
0.914511
0.914469
0.914546
0.914767
0.915164
0.91563
0.915325
0.915734
0.916194
0.91668
0.917139
0.917624
0.917937
0.918202
0.918444
0.918705
0.918849
0.919195
0.919495
0.919731
0.919947
0.920181
0.920376
0.920585
0.920844
0.9126
0.912876
0.913272
0.913792
0.914375
0.914909
0.915453
0.915871
0.91642
0.913672
0.916675
0.916952
0.917341
0.91749
0.917857
0.918104
0.918437
0.918573
0.918844
0.919093
0.919402
0.919631
0.919846
0.920084
0.920264
0.920387
0.92054
0.920934
0.921411
0.921895
0.92238
0.922711
0.9232
0.923663
0.924144
0.924607
0.925047
0.925476
0.925888
0.926249
0.926661
0.92707
0.927483
0.927899
0.928213
0.928633
0.929067
0.929394
0.929799
0.930168
0.930563
0.930991
0.931427
0.93159
0.932007
0.932416
0.932834
0.933161
0.933467
0.933764
0.934166
0.934459
0.934818
0.935095
0.935469
0.935812
0.936171
0.936493
0.936807
0.93708
0.937447
0.937811
0.938133
0.938484
0.938604
0.938955
0.939275
0.93955
0.939898
0.940195
0.940495
0.940832
0.941141
0.941437
0.941756
0.942082
0.942374
0.942629
0.942897
0.943129
0.943449
0.943667
0.943884
0.944046
0.937159
0.930558
0.930826
0.931113
0.931398
0.931578
0.931784
0.93201
0.932237
0.932337
0.932446
0.932675
0.933017
0.933359
0.933701
0.934043
0.934382
0.934718
0.93505
0.935354
0.935664
0.935985
0.936223
0.936549
0.93687
0.93692
0.937235
0.937526
0.937854
0.93818
0.938492
0.938799
0.939077
0.939377
0.939673
0.939982
0.940081
0.94028
0.940477
0.94056
0.940671
0.940845
0.941011
0.941216
0.941397
0.941655
0.94194
0.942163
0.942441
0.942665
0.942936
0.943178
0.943373
0.943627
0.943906
0.944186
0.944468
0.944746
0.945009
0.94526
0.945511
0.945752
0.945997
0.946227
0.94644
0.946684
0.946935
0.947166
0.947423
0.947639
0.947887
0.948115
0.948366
0.948452
0.948642
0.948879
0.949104
0.949372
0.949641
0.949881
0.950033
0.950287
0.950527
0.950624
0.95083
0.950928
0.951005
0.951239
0.951465
0.951595
0.948717
0.951792
0.952026
0.952271
0.952407
0.952638
0.952854
0.953073
0.953316
0.953545
0.953768
0.95401
0.954031
0.954249
0.954333
0.950411
0.947307
0.953396
0.953523
0.953699
0.953893
0.95409
0.954318
0.954517
0.95475
0.954924
0.955146
0.955349
0.955475
0.955653
0.955849
0.955985
0.956161
0.956353
0.956569
0.956781
0.956953
0.957138
0.95724
0.957401
0.957577
0.957717
0.95787
0.958054
0.958209
0.958385
0.958539
0.958699
0.958803
0.958962
0.959114
0.959206
0.95936
0.959461
0.959628
0.959765
0.959933
0.960093
0.960263
0.960417
0.96056
0.960719
0.960857
0.96102
0.961188
0.961331
0.961442
0.961554
0.961615
0.961668
0.961739
0.959527
0.959655
0.959759
0.959902
0.960049
0.960223
0.960396
0.960554
0.960674
0.960827
0.960988
0.961128
0.961283
0.961443
0.961605
0.961777
0.961946
0.962119
0.962273
0.962444
0.96256
0.96273
0.962908
0.963055
0.963228
0.963389
0.963546
0.963712
0.963867
0.964025
0.964184
0.964355
0.964517
0.96469
0.964844
0.965006
0.965166
0.965323
0.965463
0.96561
0.965754
0.9659
0.966004
0.966155
0.966278
0.966413
0.966551
0.966696
0.966846
0.966952
0.967097
0.967232
0.967328
0.967451
0.967565
0.967681
0.967797
0.96792
0.968059
0.968172
0.968287
0.96841
0.968545
0.96865
0.968769
0.968869
0.968967
0.969076
0.969177
0.969287
0.9694
0.96951
0.96963
0.969737
0.969843
0.969967
0.970082
0.970169
0.970289
0.970411
0.970531
0.970622
0.970743
0.97087
0.971005
0.971111
0.971243
0.971371
0.971499
0.971625
0.971621
0.971747
0.971851
0.971962
0.972078
0.972175
0.972296
0.972402
0.972512
0.972619
0.972742
0.972864
0.972959
0.973075
0.973184
0.973301
0.973407
0.973531
0.973644
0.97376
0.973869
0.973974
0.974083
0.974153
0.974228
0.974326
0.974426
0.974528
0.97461
0.974722
0.974828
0.974933
0.975042
0.975143
0.975243
0.975339
0.975352
0.975455
0.975559
0.975662
0.975756
0.975857
0.975957
0.97605
0.976137
0.976236
0.976326
0.976381
0.976465
0.976544
0.976633
0.9767
0.976364
0.975878
0.973751
0.973806
0.973901
0.973984
0.974064
0.974159
0.974232
0.974318
0.974389
0.974445
0.974534
0.974626
0.974713
0.974771
0.974836
0.974923
0.975006
0.975065
0.97513
0.975219
0.975277
0.9753
0.97536
0.975395
0.97254
0.975283
0.975259
0.975262
0.97526
0.975253
0.969679
0.966489
0.963746
0.959529
0.956188
0.955262
0.963832
0.96392
0.963986
0.964067
0.964149
0.963825
0.963838
0.963867
0.96388
0.963916
0.963949
0.963973
0.96403
0.964078
0.964046
0.960619
0.959968
0.957946
0.954101
0.953431
0.951894
0.945891
0.94246
0.940465
0.937031
0.933519
0.929997
0.926489
0.923061
0.939113
0.939109
0.939092
0.936118
0.936136
0.936178
0.936234
0.936226
0.936309
0.936445
0.936584
0.93674
0.936935
0.937101
0.937128
0.93717
0.93718
0.937413
0.937647
0.937858
0.938093
0.938307
0.938499
0.938724
0.938957
0.939123
0.93936
0.939501
0.939749
0.939971
0.940167
0.940209
0.940454
0.940703
0.940965
0.941166
0.941373
0.941619
0.941862
0.942098
0.942224
0.942457
0.942684
0.942756
0.942824
0.942888
0.942944
0.943022
0.943103
0.943173
0.943237
0.943329
0.943427
0.943508
0.943422
0.943498
0.943588
0.943708
0.943744
0.943845
0.943907
0.943975
0.944067
0.944186
0.944331
0.944405
0.944299
0.944453
0.942066
0.94209
0.942067
0.942092
0.942237
0.942314
0.939288
0.939548
0.939638
0.939594
0.939711
0.939966
0.940187
0.940489
0.940762
0.941041
0.941315
0.941598
0.941851
0.942114
0.942334
0.94252
0.9427
0.942895
0.943137
0.943405
0.943656
0.94389
0.944084
0.944173
0.944421
0.944679
0.944513
0.940995
0.937975
0.934187
0.930821
0.937255
0.93705
0.936852
0.936871
0.93661
0.936069
0.934062
0.931463
0.929482
0.928308
0.928337
0.926851
0.926677
0.926149
0.924559
0.923839
0.923538
0.923574
0.923376
0.923304
0.923148
0.923109
0.920703
0.920258
0.919993
0.919327
0.918078
0.916743
0.914294
0.912101
0.911156
0.908619
0.906851
0.906135
0.90482
0.903797
0.9014
0.89804
0.89341
0.891693
0.891301
0.889076
0.888254
0.888292
0.888329
0.888377
0.888094
0.887892
0.886804
0.886592
0.88614
0.884918
0.884153
0.882993
0.881716
0.880688
0.880042
0.879574
0.879203
0.877672
0.876563
0.874568
0.87394
0.873459
0.872701
0.872225
0.8721
0.87127
0.870692
0.869825
0.867479
0.866907
0.866079
0.866187
0.866408
0.866394
